6
6008
1357
169
1057
3957
1659
5
54
682
2733
4662
3962
26
6794
3924
1552
806
3138
5985
1282
4692
4060
1996
2256
3105
5877
929
3539
294
1466
525
2220
2987
5492
6672
3525
249
1319
45
2
5166
5608
1
3951
40
5633
133
940
3575
412
1851
1782
1557
822
3190
6155
1837
1736
1407
332
1590
930
3543
307
1508
662
2667
4447
3260
6383
2582
4169
2352
3418
6899
4267
2672
4463
3312
6553
3137
5982
1272
4659
3952
43
4614
3805
1163
4303
2789
4845
4559
3625
575
2383
3519
229
1253
4597
3749
980
3706
840
3249
6347
2464
3784
1094
4078
2055
2448
3732
925
3526
252
1328
74
747
2945
5355
6225
2066
2484
3849
1307
6
525
2220
37
598
2458
3764
1029
3866
1362
185
1110
4130
2224
3000
5534
6809
3973
1712
1328
74
747
2945
5355
6225
2066
2484
3849
1307
6
525
2220
2987
5492
6672
3525
249
1319
45
652
2635
42
4739
4213
2495
3885
1424
388
1773
1527
724
2870
5110
5425
6453
2810
4914
4785
4363
2985
5485
6649
3450
4
519
2200
2922
5280
5980
1266
4640
3890
1441
443
1952
2112
2634
4339
2907
5231
5820
743
2932
5312
34
919
3507
190
1126
4183
2397
3565
379
1743
1429
404
1825
1697
1279
4682
4027
1888
1903
1952
2112
2634
4339
2907
5231
5820
743
2932
5312
6084
1605
979
3703
830
3216
40
2643
4368
3002
5541
6832
4048
1957
2128
2687
4512
3472
76
754
2968
5430
6470
2866
5097
5382
6313
2353
3421
6909
4299
2776
4803
4422
3178
6116
1710
1322
55
685
2742
4692
4060
1996
2256
3105
5877
29
4688
4047
1953
2115
2644
4372
3015
5583
6969
4495
3416
6893
4247
2606
4248
2610
4261
2652
4398
3100
5861
877
3369
6739
3744
964
3654
670
2693
32
5554
6875
4188
2414
3621
562
2341
3382
6782
3885
1424
388
1773
1527
724
2870
5110
5425
6453
2810
4914
4785
4363
2985
5485
6649
3450
4
519
2200
2922
5280
30
3418
6899
4267
2672
4463
3312
6553
3137
5982
1272
4659
3952
1643
1103
4107
2149
2755
4734
4197
2443
3715
869
3343
6654
3467
59
698
2785
4832
4517
38
1383
254
1335
97
822
3190
6155
1837
1736
1407
332
1590
930
3543
307
1508
662
2667
4447
3260
6383
2582
4169
2352
3418
6899
4267
2672
4463
3312
6553
3137
5982
1272
4659
3952
1643
1103
7
6484
2912
5247
5872
913
3487
125
14
6071
1563
842
3255
6367
2529
3996
1787
1573
874
3360
6710
3650
657
4
571
2373
3490
138
9
6708
3646
647
2622
4303
2793
4862
4618
3821
19
2345
3399
6840
4077
2055
2452
3748
980
3709
853
3294
6498
2961
5410
6408
2667
4450
3273
6429
35
3549
330
1586
920
3513
213
1204
4441
3243
6331
2415
3627
585
2419
3640
627
2556
4088
2090
2566
4120
2195
2909
5240
5852
851
3288
6478
2895
5195
5705
371
1720
1358
175
30
4183
2401
3581
435
1929
2040
2403
3588
458
2004
2285
3203
6200
1987
2229
3020
5603
38
633
2576
4153
2303
3261
6390
2608
4257
2642
4368
3005
5554
28
3109
5893
985
3725
905
3464
53
682
2736
4675
4007
1826
1704
1305
2
515
2191
2896
5198
5715
404
1828
1710
1325
68
731
2896
5198
15
5765
567
2360
3448
1
512
2181
2863
5090
5363
6254
2164
2808
4911
4778
44
6418
2699
4555
3616
549
2302
3258
6380
2575
4150
2293
3229
6285
2265
3137
5985
1285
4705
4105
2146
2749
4718
4148
2286
3206
6210
2020
2337
3372
6752
3790
1117
4156
2313
3294
6498
2961
5410
6408
2667
4450
3273
6429
2735
22
1984
2220
2990
5505
6718
3679
755
2974
5453
6548
3124
5942
1145
4248
2613
4274
2698
4551
3602
503
2151
2765
20
3756
1006
3794
1130
4199
2453
3751
990
3742
961
3647
650
2631
4333
2891
5182
5663
234
1273
4666
28
1012
3814
1196
4414
3155
6044
1478
567
2360
3448
1
512
2181
2863
5090
5363
6254
2164
2808
4911
4778
4344
2926
5296
6035
1449
473
2053
45
4603
3772
1059
3967
1695
1276
4676
4011
1839
1746
1442
450
1978
2200
2925
5293
6025
1416
365
1701
1296
4741
4223
2531
4006
1823
1694
1273
4666
3978
1731
1394
293
1466
528
2233
3033
5645
175
1080
4036
1921
2014
2318
3310
50
933
3556
353
1662
1168
4323
2858
5074
5310
6081
1599
962
3650
660
2664
4440
3240
6321
2383
3523
245
1309
15
558
2331
3353
6690
3588
458
2004
2285
3203
6200
1987
2229
3020
5603
38
633
2576
4153
2303
3261
6390
2608
4257
2642
4368
3005
5554
28
3109
5893
985
3725
905
3464
53
682
2736
4675
4007
1826
1704
1305
2
515
2191
2896
5198
5715
404
1828
1710
1325
68
731
2896
5198
15
5765
567
2360
3448
1
512
2181
2863
5090
5363
6254
2164
2808
4911
4778
44
6418
2699
4555
3616
549
2302
3258
6380
2575
4150
2293
3229
6285
2265
3137
5985
1285
4705
4105
2146
2749
4718
4148
2286
3206
6210
2020
2337
3372
6752
3790
1117
4156
2313
3294
6498
2961
5410
6408
2667
4450
3273
6429
2735
22
1984
2220
2990
5505
6718
3679
755
2974
5453
6548
3124
5942
1145
4248
2613
4274
2698
4551
3602
503
2151
2765
20
3756
1006
3794
1130
4199
2453
3751
990
3742
961
3647
650
2631
4333
2891
5182
5663
234
1273
4666
28
1012
3814
1196
4414
3155
6044
1478
567
2360
3448
1
512
2181
2863
5090
5363
6254
2164
2808
4911
4778
4344
2926
5296
6035
1449
473
2053
45
4603
3772
1059
3967
1695
1276
4676
4011
1839
1746
1442
450
1978
2200
2925
5293
6025
1416
365
1701
1296
4741
4223
2531
4006
1823
1694
1273
4666
3978
1731
1394
293
1466
528
2233
3033
5645
175
1080
4036
1921
2014
2318
3310
50
933
3556
353
1662
1168
4323
2858
5074
5310
6081
1599
962
3650
660
2664
4440
3240
6321
2383
3523
245
1309
15
558
2331
3353
6690
3588
458
2004
2285
3203
6200
1987
2229
3020
5603
38
633
2576
4153
2303
3261
6390
2608
4257
2642
4368
3005
5554
28
3109
5893
985
3725
905
3464
53
682
2736
4675
4007
1826
1704
1305
2
515
2191
2896
5198
5715
404
1828
1710
1325
68
731
2896
5198
15
5765
567
2360
3448
1
512
2181
2863
5090
5363
6254
2164
2808
4911
4778
44
6418
2699
4555
3616
549
2302
3258
6380
2575
4150
2293
3229
6285
2265
3137
5985
1285
4705
4105
2146
2749
4718
4148
2286
3206
6210
2020
2337
3372
6752
3790
1117
4156
2313
3294
6498
2961
5410
6408
2667
4450
3273
6429
2735
22
1984
2220
2990
5505
6718
3679
755
2974
5453
6548
3124
5942
1145
4248
2613
4274
2698
4551
3602
503
2151
2765
20
3756
1006
3794
1130
4199
2453
3751
990
3742
961
3647
650
2631
4333
2891
5182
5663
234
1273
4666
28
1012
3814
1196
4414
3155
6044
1478
567
2360
3448
1
512
2181
2863
5090
5363
6254
2164
2808
4911
4778
4344
2926
5296
6035
1449
473
2053
45
4603
3772
1059
3967
1695
1276
4676
4011
1839
1746
1442
450
1978
2200
2925
5293
6025
1416
365
1701
1296
4741
4223
2531
4006
1823
1694
1273
4666
3978
1731
1394
293
1466
528
2233
3033
5645
175
1080
4036
1921
2014
2318
3310
50
933
3556
353
1662
1168
4323
2858
5074
5314
6097
1654
1145
4251
2626
4319
2848
5044
5216
5777
609
2501
3911
1516
695
2782
4829
4514
3485
125
920
3516
226
1250
4594
3746
977
3703
836
3242
6331
2418
3640
631
2573
4146
2283
3199
6191
1961
2148
9
1874
1864
1831
1723
1371
221
1234
4542
3576
22
1174
4346
2936
5332
6156
1847
1776
1544
786
3079
5799
681
2736
4679
4024
1885
1900
1949
2109
2631
4336
2904
27
1205
4447
3266
6409
2673
4473
3351
6687
3581
438
1942
2086
2556
4091
2104
2615
4284
2734
4672
4001
1810
1655
1149
4264
2668
4457
3299
17
5753
531
2246
3079
5799
681
2736
4679
4024
1885
1900
1949
2109
2631
4336
2904
5227
13
537
2266
3144
6011
1373
228
1257
4617
3821
1222
4503
3449
7
35
4439
3240
6325
2399
3578
428
1910
1981
2213
2971
5446
6528
3062
5743
498
2138
2726
4646
3916
1532
747
2951
5381
6316
2369
3480
108
865
3337
6641
3431
6948
4433
3220
6259
33
3308
6547
3124
5946
1161
4303
2796
4875
4664
3975
1725
1377
241
1299
4754
4269
2685
4512
3478
102
845
3271
6426
2729
4656
3949
1640
1100
4104
2146
2752
4731
4194
40
5785
635
2586
4189
2424
3660
696
2785
4839
4546
3589
464
2027
2363
3461
46
662
2674
4476
3361
6720
3689
791
3095
5851
851
3291
6491
2941
5348
6208
2017
2331
3356
6703
3633
608
2498
3901
1483
37
2375
3500
174
1080
4039
1934
2060
2471
3813
1196
4418
3171
6099
1661
1168
4326
2871
5120
5464
6587
3254
6370
2546
4058
1996
2262
3131
5969
1236
4548
3596
487
2102
2608
4261
2659
4427
1
5796
21
532
2249
3088
5828
776
3046
5691
328
1583
913
3494
154
1015
3827
1241
4565
3651
667
2690
4528
3531
25
2016
2327
3343
6661
3496
161
1038
3902
1486
597
2462
3784
1101
4107
2156
2785
4839
4546
3589
464
2027
2363
3461
46
662
24
6526
3055
5720
423
1893
1926
2034
2386
3536
291
1462
518
2204
2941
5348
6208
2017
2331
3356
6703
3633
608
2498
3901
33
2230
3026
5626
116
891
3422
6919
4339
2913
5257
5911
1047
3931
1581
907
3474
89
803
3134
5978
1266
4646
3916
1532
747
2951
5381
6316
2369
3480
108
865
3337
41
2209
2958
5404
6391
2614
4280
2721
4630
3864
1362
192
1139
4232
2564
4117
2188
2889
5178
5653
204
1178
4359
2979
5472
6613
3339
6648
3454
23
587
2429
3676
748
2955
5394
6359
2510
3941
1614
1015
3827
41
5048
5229
5820
750
2961
5413
6421
2712
4600
3766
1042
3915
1529
737
2919
5276
5973
1249
4591
3736
944
3595
484
2093
2579
4166
2348
3412
6886
4231
2561
4107
2156
2785
4839
4546
3589
464
2027
2363
3461
46
3291
6491
2941
5348
6208
2017
2331
3356
6703
3633
608
2498
3901
1483
587
2429
3676
748
2955
5394
6359
2510
3941
1614
1015
3827
1241
4565
3651
667
2690
4528
3531
275
1410
349
1652
1139
4232
2564
4117
2188
2889
5178
5653
204
28
5956
1194
4411
3149
6027
1426
401
1822
1694
1276
4679
4024
1885
1900
1949
2109
2631
4336
2904
5227
5813
727
2886
5169
5624
110
871
3356
3
2820
4953
4918
4
615
2520
3973
1718
4
347
1645
1116
4156
16
2330
3353
6694
3604
513
2187
2886
5169
5624
110
871
3356
6703
3633
608
2498
1
264
24
2500
3908
1506
662
2674
4476
3361
6720
3689
791
3095
5851
851
3291
6491
2941
5348
6208
2017
2331
3356
6703
3633
608
48
1936
2066
2491
3879
1411
352
1662
1171
4336
2904
5227
5813
727
2886
5169
5624
110
871
3356
6703
3633
608
2498
3901
1483
587
2429
3676
748
2955
5394
6359
2510
3941
1614
1015
3827
1241
4565
3651
667
2690
4528
3531
275
1410
349
1652
39
4848
4576
3687
784
3072
5776
606
2491
3879
1411
352
1662
1171
4336
2904
5227
5813
727
2886
5169
5624
110
871
3356
6703
3633
608
2498
3901
1483
587
2429
3676
748
2955
5394
6359
2510
3941
14
6182
1932
2053
2448
3738
951
3618
559
2338
3379
6778
3878
1408
342
29
676
2720
4626
3851
1320
55
692
2772
4796
4406
3132
5972
1246
4581
3704
840
3255
6374
2559
4101
2136
2719
4623
3841
1287
4715
4141
2267
3147
21
3396
6834
4061
2006
2295
3239
6321
2386
3536
291
1462
518
2204
2941
5348
6208
2017
2331
3356
6703
3633
8
5241
5859
877
3376
6769
3849
1313
32
17
4006
1826
1707
1318
48
669
2697
4551
3606
520
2210
2961
5413
6421
2712
4600
3766
42
4755
4272
2695
4545
3586
454
1995
2259
3121
5936
1129
4199
2456
3764
1036
3895
1463
522
2217
2984
5489
6669
3522
245
1312
28
603
2481
3846
1303
4767
4311
2822
4960
4941
4879
4677
4017
1862
1825
1704
1309
19
6929
4375
3034
5655
214
1214
4480
3377
6775
3872
1392
293
1472
554
2324
3337
6645
3447
4
28
3943
1623
1047
3934
1594
953
3627
592
2449
3745
977
3706
850
3291
6494
2954
5394
6362
2523
3986
1764
1508
672
2710
4597
3759
1023
3856
39
6820
4019
1872
1860
1821
1694
1279
4692
4069
2035
2393
3562
379
1753
1472
554
2324
3337
6645
3447
4
528
2240
3062
5747
515
2197
2922
5289
6019
1403
329
1590
940
3585
454
1998
2272
3167
39
6736
3744
974
3696
817
3183
6142
1805
1642
1109
4137
2257
3118
5929
1109
4137
2257
3118
5929
1109
4137
2257
3118
5929
1109
4137
2257
3118
5929
1109
4137
2257
3118
5929
1109
4137
2257
3118
5929
9
6026
1426
404
1835
1740
1429
414
1867
1844
19
906
3474
92
816
3180
6132
1772
1534
757
2987
5502
6715
3676
752
2971
5449
6541
3107
5893
41
5300
6055
1520
711
2837
5012
5114
5447
6535
3088
5831
789
3092
5844
831
3229
6292
2294
3239
6325
2402
3591
474
2063
2484
3859
1349
153
1015
3830
1254
4610
3802
1163
4313
2832
4995
5059
5268
5950
1178
12
6892
4254
2639
4365
3002
5551
6875
4198
2456
3768
1052
3951
50
5111
5438
6506
2993
5521
6777
3878
1411
355
1675
1217
4490
3410
6883
4224
2541
4045
1957
2138
2729
4659
3962
1686
1253
4607
3792
1130
4205
2479
3843
1297
4751
4262
2665
4450
3279
6455
2827
4979
5007
5098
5395
6365
2533
4019
1872
1860
1821
1694
1279
42
4137
2257
3118
5929
1109
4137
2257
3118
5929
1109
4137
2257
3118
5929
1109
4137
2257
3118
5929
1109
4137
2257
3118
5929
1109
4137
2257
3118
5929
1109
4137
2257
3118
5929
1109
4137
2257
3118
5929
1109
4137
2257
18
4550
3606
523
2223
3007
5567
6927
4368
3011
5580
6969
4505
3459
43
656
2658
4427
3204
10
4211
2499
3908
1509
675
2720
4630
3867
1375
237
39
3953
1656
1155
4287
2747
4718
4154
2313
3301
6527
3062
5747
515
2197
2922
5289
6019
1403
329
1590
940
3585
454
1998
2272
3167
6089
1631
1073
4019
1872
1860
1821
1694
1279
4692
4069
2035
2393
12
3542
314
1541
780
3062
5747
515
2197
2922
5289
6019
1403
29
451
1988
2239
3059
5737
482
2089
2569
4137
2257
3118
5929
1109
4137
2257
3118
5929
1109
4137
2257
3118
5929
1109
4137
2257
3118
5929
1109
4137
7
5466
6597
3290
6491
2944
5361
6254
20
83
786
3082
5812
727
2889
5182
5670
263
1374
234
1279
4692
4069
2035
2393
3562
379
1753
1472
4
195
1152
4277
2714
10
1372
228
1260
4630
3867
1375
237
1289
4725
4177
38
2418
3643
644
2618
4297
2780
4826
4507
3465
63
721
2870
5120
5467
6600
3300
6524
3052
5714
407
1844
1769
1524
724
2880
5152
5572
6943
4420
3181
6135
1782
1567
864
3337
6645
3447
4
28
3943
1623
1047
3934
1594
953
3627
592
2449
3745
977
3706
850
3291
6494
2954
5394
6362
2523
3986
1764
1508
672
2710
4597
3759
1023
3856
39
6820
4019
1872
1860
1821
1694
1279
4692
4069
2035
2393
3562
379
1753
1472
554
2324
3337
6645
3447
4
528
2240
3062
5747
515
2197
2922
5289
6019
1403
329
1590
940
3585
454
1998
2272
3167
39
6736
3744
974
3696
817
3183
6142
1805
1642
1109
4137
2257
3118
5929
1109
4137
2257
3118
5929
1109
4137
2257
3118
5929
1109
4137
2257
3118
5929
1109
4137
2257
3118
5929
1109
4137
2257
3118
5929
9
6026
1426
404
1835
1740
1429
414
1867
1844
19
906
3474
92
816
3180
6132
1772
1534
757
2987
5502
6715
3676
752
2971
5449
6541
3107
5893
41
5300
6055
1520
711
2837
5012
5114
5447
6535
3088
5831
789
3092
5844
831
3229
6292
2294
3239
6325
2402
3591
474
2063
2484
3859
1349
153
1015
3830
1254
4610
3802
1163
4313
2832
4995
5059
5268
5950
1178
12
6892
4254
2639
4365
3002
5551
6875
4198
2456
3768
1052
3951
50
5111
5438
6506
2993
5521
6777
3878
1411
355
1675
1217
4490
3410
6883
4224
2541
4045
1957
2138
2729
4659
3962
1686
1253
4607
3792
1130
4205
2479
3843
1297
4751
4262
2665
4450
3279
6455
2827
4979
5007
5098
5395
6365
2533
4019
1872
1860
1821
1694
1279
42
4137
2257
3118
5929
1109
4137
2257
3118
5929
1109
4137
2257
3118
5929
1109
4137
2257
3118
5929
1109
4137
2257
3118
5929
1109
4137
2257
3118
5929
1109
4137
2257
3118
5929
1109
4137
2257
3118
5929
1109
4137
2257
18
4550
3606
523
2223
3007
5567
6927
4368
3011
5580
6969
4505
3459
43
656
2658
4427
3204
10
4211
2499
3908
1509
675
2720
4630
3867
1375
237
39
3953
1656
1155
4287
2747
4718
4154
2313
3301
6527
3062
5747
515
2197
2922
5289
6019
1403
329
1590
940
3585
454
1998
2272
3167
6093
1648
1132
4215
2515
3964
1695
1286
4718
4158
2329
3356
6710
13
3904
1499
646
2628
4333
2900
5221
5800
691
2775
4813
4468
3341
11
1163
4316
2845
5041
5212
5771
596
2465
3800
1160
4307
15
1436
440
1955
2135
2723
4643
3913
1529
744
2948
5378
6313
2366
3477
105
11
4936
4869
4651
3939
1614
1021
3853
1333
104
858
3320
42
4823
4500
3446
4
532
2256
3118
5933
1125
4192
2440
3719
895
3441
6987
4567
3664
716
2857
5080
5340
6189
1961
2154
2785
4845
4572
3681
771
3036
5665
250
1335
110
878
3386
6808
3983
1757
1488
610
2511
50
4650
3936
1604
989
3748
990
3752
1003
3794
1140
4241
2600
4241
2600
4241
2600
4241
2600
4241
2600
4241
2600
4241
2600
4241
2600
4241
2600
4241
2600
4241
2600
4241
2600
4241
2600
4241
2600
4241
2600
4241
2600
4241
2600
4241
2600
4241
2600
4241
2600
41
3986
1767
1521
718
2863
5100
5405
6401
2654
4417
3175
6119
1733
1410
355
1678
1230
4535
3560
376
1746
1452
492
2125
2690
4535
3560
376
1746
1452
492
2125
2690
4535
3560
376
1746
1452
492
2125
2690
35
2303
3271
6432
2755
4747
4252
2636
4359
2985
5498
6705
3646
657
2664
4450
3282
6468
2872
5129
5500
6711
3666
722
2876
5142
5542
6848
4113
2182
2876
5142
5542
6848
4113
2182
26
368
1720
1367
215
1221
4506
3465
66
734
2916
5273
5970
1246
4587
3730
931
3559
373
1737
1423
398
1818
1687
1260
4633
3880
21
6386
2605
4257
2652
4411
3155
6053
1517
704
2818
4953
4925
4834
4536
3563
386
1779
1560
845
3278
6455
30
1573
887
3415
6903
4293
2770
4796
4412
3158
6063
1550
812
3170
6102
1677
1227
4525
3527
268
1394
303
1508
675
2723
4643
3913
1529
744
2948
5378
13
6643
3444
6997
4600
3772
1068
4006
1832
1733
1410
355
1678
1230
35
5501
6715
3679
765
3017
5603
48
675
2723
4643
3913
1529
744
2948
5378
6313
2366
3477
105
861
3330
6625
3385
6805
3973
1725
1384
270
1400
322
1570
878
3386
6808
3983
7
6360
2520
3980
1748
1459
515
2200
35
4231
2567
4133
2247
3088
5835
805
3147
6027
1432
427
1913
1998
2275
3180
6135
1785
1580
910
3490
147
999
3781
1098
4104
2153
2781
4832
4530
3544
324
1577
900
3458
43
9
895
3441
6987
4567
3664
716
2857
5080
5340
39
3188
6161
1870
1857
1815
1678
1230
4535
3560
376
1746
1452
492
2125
2690
4535
3560
376
1746
1452
492
2125
2690
4535
3560
376
1746
1452
492
2125
2690
4535
3560
376
1746
1452
492
2125
2690
35
2303
3271
6432
2755
4747
4252
2636
4359
2985
5498
6705
3646
657
2664
4450
3282
6468
2872
5129
5500
6711
3666
722
2876
5142
5542
6848
4113
2182
2876
5142
5542
6848
4113
2182
26
368
1720
1367
215
1221
4506
3465
66
734
2916
5273
5970
1246
4587
3730
931
3559
373
1737
1423
398
1818
1687
1260
4633
3880
21
6386
2605
4257
2652
4411
3155
6053
1517
704
2818
4953
4925
4834
4536
3563
386
1779
1560
845
3278
6455
30
1573
887
3415
6903
4293
2770
4796
4412
3158
6063
1550
812
3170
6102
1677
1227
4525
3527
268
1394
303
1508
675
2723
4643
3913
1529
744
2948
5378
13
6643
3444
6997
4600
3772
1068
4006
1832
1733
1410
355
1678
1230
35
5501
6715
3679
765
3017
5603
48
675
2723
4643
3913
1529
744
2948
5378
6313
2366
3477
105
861
3330
6625
3385
6805
3973
1725
1384
270
1400
322
1570
878
3386
6808
3983
7
6360
2520
3980
1748
1459
515
2200
35
4231
2567
4133
2247
3088
5835
805
3147
6027
1432
427
1913
1998
2275
3180
6135
1785
1580
910
3490
147
999
3781
1098
4104
2153
2781
4832
4530
3544
324
1577
900
3458
43
9
895
3441
6987
4567
3664
716
2857
5080
5340
39
3188
6161
1870
1857
1815
1678
1230
4535
3560
376
1746
1452
492
2125
2690
4535
3560
376
1746
1452
492
2125
2690
4535
3560
376
1746
1452
492
2125
2690
4535
3560
376
1746
1452
492
2125
2690
35
2303
3271
6432
2755
4747
4252
2636
4359
2985
5498
6705
3646
657
2664
4450
3282
6468
2872
5129
5500
6711
3666
722
2876
5142
5542
6848
4113
2182
2876
5142
5542
6848
4113
2182
26
368
1720
1367
215
1221
4506
3465
66
734
2916
5273
5970
1246
4587
3730
931
3559
373
1737
1423
398
1818
1687
1260
4633
3880
21
6386
2605
4257
2652
4411
3155
6053
1517
704
2818
4953
4925
4834
4536
3563
386
1779
1560
845
3278
6455
30
1573
887
3415
6903
4293
2770
4796
4412
3158
6063
1550
812
3170
6102
1677
1227
4525
3527
268
1394
303
1508
675
2723
4643
3913
1529
747
2961
5423
13
2550
4081
2081
2550
4081
2081
2550
4081
2081
2550
4081
2081
2550
31
1602
985
3738
961
3660
706
2827
4986
5036
5199
5732
472
2063
2491
3888
1450
489
2119
2674
4486
3403
6867
4179
2401
3595
494
2135
2726
4656
3958
1679
37
6620
3372
6765
3845
1310
32
626
2566
4133
2250
3101
5880
955
3640
641
2615
4293
2773
4809
4458
3312
6569
3205
6220
2066
2501
3921
1558
842
3271
6436
2771
4803
4438
3246
6354
2503
28
1947
2112
2651
4411
3158
6067
1566
868
3356
6713
3676
758
2997
5541
6848
4117
2198
2932
5329
6156
1857
1818
1691
1276
4689
4066
2032
2390
9
6793
3937
1610
1011
3823
1238
4565
3661
709
37
890
3428
6948
4443
3263
6409
2683
4515
3498
177
1100
4114
2188
2899
5221
5803
704
2821
4966
4971
4987
5039
5209
5764
577
2406
3611
546
2305
3281
6468
2876
5146
5559
6907
4309
2825
29
3526
268
1397
316
1554
829
3229
6298
2320
3330
6628
3398
6850
4123
2218
2997
5541
6848
4117
2198
2932
5329
6156
1857
1818
1691
1276
4689
4066
32
5722
439
1955
2138
2736
4688
4063
2022
2357
3451
23
597
2471
3823
1238
4565
3661
709
2837
5018
5141
5542
6852
4130
2241
3072
5786
648
2638
4368
3018
5609
20
2905
5240
5865
906
3480
118
907
3484
131
950
3624
588
2442
3728
928
3552
353
1675
1224
4519
11
4086
2097
2602
4251
2636
4362
2998
5544
6858
4149
2303
24
954
3637
631
2582
4186
2424
3670
739
2935
5338
6186
1955
2138
2736
4688
4063
2022
2357
3451
23
597
2471
3823
1238
15
3933
1597
969
3686
791
3105
5893
998
3781
1101
4117
2198
2932
5329
6156
7
2812
4937
4876
4677
4027
1904
1972
44
3175
6122
1746
1456
509
2184
2886
5178
5663
247
1328
91
819
3196
6191
1971
2190
2905
5240
5865
906
3480
118
907
3484
131
950
3624
588
2442
3728
928
3552
353
1675
1224
4519
3511
219
1237
4561
3648
667
2700
21
3463
63
728
2899
5221
5803
704
2821
4966
4971
4987
5039
5209
5764
577
2406
3611
546
2305
3281
6468
26
2210
2971
5456
6571
3212
6243
2141
2745
4718
4161
2342
3402
6863
4166
2358
3454
33
630
2579
4176
2391
3562
386
1782
1573
891
31
2788
4858
4618
3834
1274
4682
4043
1957
2145
2759
4764
4311
2832
5002
5088
5369
6287
2285
3216
6256
2183
2883
5169
5634
152
1018
3846
1313
42
659
2674
36
4917
4811
4465
3335
6645
3454
33
630
2579
4176
2391
3562
386
1782
1573
891
3431
6958
4476
3371
6762
3836
1281
4705
4118
2202
2945
5371
6293
2304
3278
6458
2843
5038
5206
5754
44
328
1593
956
3644
654
2658
4434
3233
6311
2363
3470
85
799
3131
5978
1275
4685
4053
1989
2249
3098
5871
926
3546
334
1613
1021
3856
1346
149
1008
3814
1209
4470
3351
6697
3623
585
2432
3696
823
3209
6233
2108
38
2166
2827
4986
5036
5199
5732
472
2063
2491
3888
1450
489
2119
2674
4486
3403
6867
4179
2401
3595
494
2135
2726
4656
3958
1679
1237
4561
3648
667
2700
4571
3681
774
3049
5711
404
1841
16
4158
2332
3369
6756
3816
1215
4490
3416
6909
4316
2848
5054
5258
5924
1099
4111
29
2648
4401
3126
5962
1223
4516
3501
187
1133
4222
2541
4052
1986
2239
3065
5763
573
2393
3568
405
1844
1776
1554
829
3229
6298
2320
3330
6628
48
4019
1878
1887
1916
2011
2321
3333
6638
3431
6958
4476
3371
6762
3836
1281
4705
4118
2202
2945
5371
6293
2304
3278
6458
2843
5038
5206
5754
544
2298
3258
6393
2631
4346
2946
5374
6303
2337
3386
6811
3996
1803
1642
1116
4166
2358
3454
33
30
2463
3797
1153
4287
2753
4744
4246
2620
4310
2828
4989
5046
5232
5839
822
3206
6223
2076
2533
4026
1901
1962
2161
2811
4933
4863
4634
3887
1447
479
36
5124
5487
6672
3542
321
1570
881
3399
6854
4136
2260
3134
5988
1308
25
603
2491
3888
1450
489
2119
2674
4486
3403
6867
4179
2401
3595
494
2135
2726
4656
3958
1679
1237
4561
48
3767
1055
3967
1708
1331
100
848
3291
6501
2983
5495
6698
3627
598
2475
3836
1281
4705
4118
2202
2945
5371
6293
2304
3278
6458
2843
5038
5206
5754
544
2298
3258
6393
2631
4346
2946
5374
6303
2337
3386
6811
3996
1803
1642
1116
4166
2358
4
2292
3239
6331
2428
33
1017
3843
1303
9
551
2321
3333
6638
3431
6958
4476
3371
6762
3836
1281
4705
4118
2202
2945
5371
6293
2304
3278
6458
2843
5038
5206
5754
544
2298
3258
6393
2631
46
1487
610
2514
3964
1699
1302
6
541
2289
3229
6298
2320
3330
6628
3398
6850
4123
2218
2997
5541
6848
4117
2198
2932
5329
6156
1860
1831
1736
1426
414
1877
1887
1919
2024
2367
3487
144
995
3774
1081
4055
1999
2285
3219
6269
29
3946
1643
1122
4189
2437
3715
889
3428
6952
4459
3318
6592
3284
6481
2921
5296
6052
1520
721
2880
5162
5614
90
819
3200
6207
2027
2376
3516
39
3087
5838
822
3209
6236
2121
2683
4519
3514
232
1283
4715
4154
2322
3340
6664
3519
249
1338
126
937
3585
464
2040
2419
3657
699
2808
4927
4847
4585
3730
938
3588
474
2073
2527
4009
1849
45
2590
4215
2522
3993
1797
1625
1064
4000
1819
1697
1299
4767
4324
2877
5152
5581
6982
4557
3638
637
2605
4264
2682
4515
3501
190
1146
4267
2691
4545
3599
510
2191
2912
5266
5954
1200
4444
3269
6432
2761
4773
4344
2943
5368
37
4960
4954
4935
4873
4670
4007
1842
1772
1544
799
3134
5991
1321
71
757
2997
5544
6861
4162
2348
3425
6942
4427
3214
6253
2177
2866
5116
5464
6600
3310
6566
3199
6204
2017
2344
3412
49
4133
2254
3118
5939
1151
4284
2747
4728
4197
2463
3800
1166
4333
2907
5250
5901
1027
3879
1424
407
1854
1812
1674
1224
4522
3524
265
1390
296
1492
629
2579
4179
2404
3608
539
2285
3219
6269
2229
3036
5671
276
1426
414
1877
1887
1919
2024
17
1785
1586
936
3582
454
2008
2314
3314
6579
3241
6341
2464
3804
1179
4375
3044
5698
14
5990
1318
61
724
2889
5191
5709
400
1831
1736
1426
414
1877
1887
19
3813
1209
4473
3364
6743
3777
1091
4088
2107
2638
4372
3034
5665
257
1364
211
1214
4490
3420
25
5816
750
2974
5469
6617
3365
6746
3787
1124
4196
2459
3787
1124
4196
2459
3787
1124
4196
2459
3787
1124
4196
2459
3787
1124
46
1779
1567
874
3379
6792
3937
1614
1028
3882
1434
440
1962
2164
2824
4979
5016
5137
5532
6822
4035
1934
2073
2527
4009
1849
1795
1619
1044
3934
1604
995
3774
1081
4055
1999
2285
3219
6269
2229
3036
5671
276
1426
414
1877
1887
19
3813
1209
4473
3364
6743
3777
1091
4088
2107
2638
4372
3034
5665
257
1364
211
1214
4490
3420
25
5816
750
2974
5469
6617
3365
6746
3787
1124
4196
2459
3787
1124
4196
2459
3787
1124
4196
2459
3787
1124
4196
2459
3787
1124
46
1779
1567
874
3379
6792
3937
1614
1028
3882
1434
440
1962
2164
2824
4979
5016
5137
5532
6822
4035
1934
2073
2527
4009
1849
1795
1619
1044
3934
1604
995
3774
1081
4055
1999
2285
3219
6269
2229
3036
5671
276
1426
414
1877
1887
19
3813
1209
4473
3364
6743
3777
1091
4088
2107
2638
4372
3034
5665
257
1364
211
1214
4490
3420
25
5816
750
2974
5469
6617
3365
6746
3787
1124
4196
2459
3787
1124
4196
2459
3787
1124
4196
2459
3787
1124
4196
2459
3787
1124
46
1779
1567
874
3379
6792
3937
1614
1028
3882
1434
440
1962
2164
2824
4979
5016
5137
5532
6822
4035
1934
2073
2527
4009
1849
1795
1619
1044
3934
1604
995
3774
1081
4055
1999
2285
3219
6269
2229
3036
5671
276
1426
414
1877
1887
19
3813
1209
4473
3364
6743
3777
1091
4088
2107
2638
4372
3034
5665
257
1364
211
1214
4490
3420
25
5816
750
2974
5469
6617
3365
6746
3787
1124
4196
2459
3787
1124
4196
2459
3787
1124
4196
2459
3787
1124
4196
2459
3787
1124
46
1779
1567
874
3379
6792
3937
1614
1028
3882
1434
440
1962
2164
2824
4979
5016
5137
5532
6822
4035
1934
2073
2527
4009
1849
1795
1619
1044
3934
1604
995
3774
1081
4055
1999
2285
3219
6269
2229
3036
5671
276
1426
414
1877
1887
19
3813
1209
4473
3364
6743
3777
1091
4088
2107
2638
4372
3034
5665
257
1364
211
1214
4490
3420
25
5816
750
2974
5469
6617
3365
6746
3787
1124
4196
2459
3787
1124
4196
2459
3787
1124
4196
2459
3787
1124
4196
2459
3787
1124
46
1779
1567
874
3379
6792
3937
1614
1028
3882
1434
440
1962
2164
2824
4979
5016
5137
5532
6822
4035
1934
2073
2527
4009
1849
1795
1619
1044
3934
1604
995
3774
1081
4055
1999
2285
3219
6269
2229
3036
5671
276
1426
414
1877
1887
19
3813
1209
4473
3364
6743
3777
1091
4088
2107
2638
4372
3034
5665
257
1364
211
1214
4490
3420
25
5816
750
2974
5469
6617
3365
6746
3787
1124
4196
2459
3787
1124
4196
2459
3787
1124
4196
2459
3787
1124
4196
2459
3787
1124
46
1779
1567
874
3379
6792
3937
1614
1028
3882
1434
440
1962
2164
2824
4979
5016
5137
5532
6822
4035
1934
2073
2527
4009
1849
1795
1619
1044
3934
1604
995
3774
1081
4055
1999
2285
3219
6269
2229
3036
5671
276
1426
414
1877
1887
19
3813
1209
4473
3364
6743
3777
1091
4088
2107
2638
4372
3034
5665
257
1364
211
1214
4490
3420
25
5816
750
2974
5469
6617
3365
6746
3787
1127
4209
2505
3941
1630
1083
4065
2035
2406
3617
572
2396
3585
467
2053
2465
3810
2
139
982
35
582
2429
3692
817
3196
6197
1997
2282
3212
6249
2167
2837
5025
5170
5643
188
1142
4258
2665
4463
3335
6651
3480
125
937
3588
477
2086
2572
4159
2342
3408
6889
4257
2662
3
2736
4695
4092
23
4766
4324
2881
5169
5640
178
1110
4153
2322
3343
6677
3565
402
1841
1772
1547
812
3180
6145
1827
1727
1400
332
13
702
2821
4973
5000
5088
5376
6316
2386
3552
360
1704
1325
87
12
550
2324
3350
6700
3640
647
2641
4385
3080
5818
760
3010
40
630
2586
4205
2492
3898
1490
626
2573
4163
2355
3451
30
626
2573
4163
2355
3451
30
626
2573
4163
2355
3451
30
626
2573
4163
2355
3451
30
626
2573
4163
2355
3451
30
626
2573
4163
2355
1
5544
15
6884
4241
2610
4284
2750
4741
4242
2613
4293
2780
4839
4563
3661
716
2867
23
3704
856
3324
6615
3362
6739
3767
1062
3996
1810
1671
1217
4503
3465
76
777
3066
5773
613
2530
4022
1895
1949
25
6835
4081
2087
2576
4173
2388
3559
383
1779
1570
887
3425
6945
4440
3260
6406
2680
4512
3495
174
1097
4111
2185
2896
5217
47
5331
6169
1906
1985
2243
3085
5835
815
3190
6178
1935
2079
2550
4088
2110
2651
4417
3184
6158
1870
1867
1857
1825
1720
1377
257
1368
228
1273
4685
4060
2019
2354
3448
20
594
2468
3820
1235
4561
3655
696
2801
4907
4785
4386
3083
28
5832
805
3157
6070
1582
927
3556
373
1746
1462
535
2275
3190
6178
1935
2079
2550
4088
2110
2651
4417
3184
6158
1870
1867
1857
1825
1720
27
3050
5720
439
1962
2167
2837
5025
5170
5643
188
1142
4258
2665
4463
3335
6651
3480
125
937
3588
477
2086
2572
4159
2342
3408
6889
7
5802
707
2837
5025
5170
5643
188
42
4795
4419
3191
6181
1945
2112
2657
4437
3250
6374
2575
4169
2375
3516
242
1319
68
750
2978
5485
6672
3548
347
1662
1188
4408
3155
6063
1560
855
3320
6602
3320
6602
3320
6602
3320
6602
3320
6602
3320
6602
20
1202
4454
3305
6553
3160
6080
1615
1034
3905
1512
698
2808
4930
4860
4631
3883
1441
466
2050
2455
27
6040
1484
607
2511
3960
1692
1286
4728
4200
2476
3846
1320
71
760
3010
5590
15
577
2413
3640
647
2641
4385
3080
5818
760
3010
40
630
2586
4205
2492
3898
1490
626
2573
4163
2355
3451
30
626
2573
4163
2355
3451
30
626
2573
4163
2355
3451
30
626
2573
4163
2355
3451
30
626
2573
4163
2355
3451
30
626
2573
4163
2355
1
5544
15
6884
4241
2610
4284
2750
4741
4242
2613
4293
2780
4839
4563
3661
716
2867
23
3704
856
3324
6615
3362
6739
3767
1062
3996
1810
1671
1217
4503
3465
76
777
3066
5773
613
2530
4022
1895
1949
25
6835
4081
2087
2576
4173
2388
3559
383
1779
1570
887
3425
6945
4440
3260
6406
2680
4512
3495
174
1097
4111
2185
2896
5217
47
5331
6169
1906
1985
2243
3085
5835
815
3190
6178
1935
2079
2550
4088
2110
2651
4417
3184
6158
1870
1867
1857
1825
1720
1377
257
1368
228
1273
4685
4060
2019
2354
3448
20
594
2468
3820
1235
4561
3655
696
2801
4907
4785
4386
3083
28
5832
805
3157
6070
1582
927
3556
373
1746
1462
535
2275
3190
6178
1935
2079
2550
4088
2110
2651
4417
3184
6158
1870
1867
1857
1825
1720
27
3050
5720
439
1962
2167
2837
5025
5170
5643
188
1142
4258
2665
4463
3335
6651
3480
125
937
3588
477
2086
2572
4159
2342
3408
6889
7
5802
707
2837
5025
5170
5643
188
42
4795
4419
3191
6181
1945
2112
2657
4437
3250
6374
2575
4169
2375
3516
242
1319
68
750
2978
5485
6672
3548
347
1662
1188
4408
3155
6063
1560
855
3320
6602
3320
6602
3320
6602
3320
6602
3320
6602
3320
6602
20
1202
4454
3305
6553
3160
6080
1615
1034
3905
1512
698
2808
4930
4860
4631
3883
1441
466
2050
2455
27
6040
1484
607
2511
3960
1692
1286
4728
4200
2476
3846
1320
71
760
3010
5590
15
577
2413
3640
647
2641
4385
3080
5818
760
3010
40
630
2586
4205
2492
3898
1490
626
2573
4163
2355
3451
30
626
2573
4163
2355
3451
30
626
2573
4163
2355
3451
30
626
2573
4163
2355
3451
30
626
2573
4163
2355
3451
30
626
2573
4163
2355
1
5544
15
6884
4241
2610
4284
2750
4741
4242
2613
4293
2780
4839
4563
3661
716
2867
23
3704
856
3324
6615
3362
6739
3767
1062
3996
1810
1671
1217
4503
3465
76
777
3066
5773
613
2530
4022
1898
1962
21
472
2073
2533
4035
1940
2099
2618
4313
2848
5064
5301
6074
1599
985
3748
1003
3807
1196
4437
3253
6387
21
1803
1651
1155
4303
2815
4956
4948
4922
4837
4559
3651
686
2772
4816
4491
3429
6961
4495
3442
4
545
11
101
861
3343
6680
3578
448
1995
2278
3203
6223
2085
22
4806
4458
3322
6612
3356
6723
3718
905
3487
151
1025
3879
1431
437
1959
2161
2821
4976
5013
5134
5529
6819
32
6058
1547
815
3193
6191
1981
2233
3056
5743
518
2223
3023
5635
165
1070
4026
1911
2004
2308
3301
6543
3130
5985
1308
35
646
2641
4388
3093
5864
913
3513
36
4107
2175
2866
5123
5493
6701
3646
670
2720
4646
3936
1617
1044
3941
1633
1096
4111
2188
2909
5263
5950
1194
4431
3233
6321
2405
3617
575
2409
3630
618
2550
4091
2123
2696
4568
31
5947
1184
4398
3126
5972
1266
4666
4001
1829
1736
1433
443
1978
2223
3023
5635
165
1070
4026
1911
2004
2308
3301
6543
3130
5985
1308
35
646
2641
4388
43
4546
3609
549
2324
3353
6713
3685
797
3134
5998
1351
175
1103
4134
2264
3157
6073
1596
976
3719
908
3497
183
1129
4218
2538
4052
1996
2282
3216
6266
2226
3033
5668
273
1423
411
1874
1883
1913
2011
2331
3376
38
6135
1798
1635
1103
4134
2264
3157
6073
1596
976
3719
908
3497
183
1129
4218
2538
4052
1996
2282
3216
6266
2226
3033
5668
273
1423
411
1874
1883
1913
2011
2331
3376
6788
3930
1597
979
29
4853
4612
3824
1251
4617
3841
1307
32
636
2609
4284
2753
4754
4288
2766
4796
4425
3214
6259
2203
2958
5423
6473
2902
5240
5875
949
3631
621
10
4779
4370
3034
5671
283
1456
518
2223
3023
5635
15
5697
368
1733
1423
411
1874
1883
1913
2011
2331
3376
6788
3930
1597
979
29
4853
4612
3824
1251
4617
3841
1307
32
636
2609
4284
2753
4754
4288
2766
4796
4425
3214
6259
2203
2958
5423
6473
2902
5240
5875
949
3631
621
10
4779
4370
3034
5671
283
1456
518
2223
3023
5635
15
5697
368
1733
1423
411
1874
1883
1913
2011
2331
3376
6788
3930
1597
979
29
4853
4612
3824
1251
4617
3841
1307
32
636
2609
4284
2753
4754
4288
2766
4796
4425
3214
6259
2203
2958
5423
6473
2902
5240
5875
949
3631
621
10
4779
4370
3034
5671
283
1456
518
2223
3023
5635
15
5697
368
1733
1423
411
1874
1883
1913
2011
2331
3376
6788
3930
1597
979
29
4853
4612
3824
1251
4617
3841
1307
32
636
2609
4284
2753
4754
4288
2766
4796
4425
3214
6259
2203
2958
5423
6473
2902
5240
5875
949
3631
621
10
4779
4370
3034
5671
283
1456
518
2223
3023
5635
15
5697
368
1733
1423
411
1874
1883
1913
2011
2331
3376
6788
3930
1597
979
29
4853
4612
3824
1251
4617
3841
1307
32
636
2609
4284
2753
4754
4288
2766
4796
4425
3214
6259
2203
2958
5423
6473
2902
5240
5875
949
3631
621
10
4779
4370
3034
5671
283
1456
518
2223
3023
5635
15
5697
368
1733
1423
411
1874
1883
1913
2011
2331
3376
6788
3930
1597
979
29
4853
4612
3824
1251
4617
3841
1307
32
636
2609
4284
2753
4754
4288
2766
4796
4425
3214
6259
2203
2958
5423
6473
2902
5240
5875
949
3631
621
10
4779
4370
3034
5671
283
1456
518
2223
3023
5635
15
5697
368
1733
1423
411
1874
1883
1913
2011
2331
3376
6788
3930
1597
979
29
4853
4612
3824
1251
4617
3841
1307
32
636
2609
4284
2753
4754
4288
2766
4796
4425
3214
6259
2203
2958
5423
6473
2902
5240
5875
949
3631
621
10
4779
4370
3034
5671
283
1456
518
2223
3023
5635
15
5697
368
1733
1423
411
1874
1883
1913
2011
2331
3376
6788
3930
1597
979
29
4853
4612
3824
1251
4617
3841
1307
32
636
2609
4284
2753
4754
4288
2766
4796
4425
3214
6259
2203
2958
5423
6473
2902
5240
5875
949
3631
621
10
4779
4370
3034
5671
283
1456
518
2223
3023
5635
15
5697
368
1733
1423
411
1874
1883
1913
2011
2331
3376
6788
3930
1597
979
29
4853
4612
3824
1251
4617
3841
1307
32
636
2609
4284
2753
4754
4288
2766
4796
4425
3214
6259
2203
2958
5423
6473
2902
5240
5875
949
3631
621
10
4779
4370
3034
5671
283
1456
518
2223
3023
5635
15
5697
368
1733
1423
411
1874
1883
1913
2011
2331
3376
6788
3930
1597
979
29
4853
4612
3824
1251
4617
3841
1307
32
636
2609
4284
2753
4754
4291
2780
4845
4589
3753
1023
3876
1424
417
1897
1962
2174
2866
5126
5506
6747
50
1353
185
1139
4254
2659
4450
3299
6540
3124
5969
1259
4646
3939
1630
1090
4094
2136
2742
4721
4184
2430
3702
856
3330
6641
3454
46
685
2772
4819
4504
3475
115
910
3507
219
1250
4617
3844
1320
77
786
3102
5897
1024
3879
1434
450
2004
2311
14
5863
913
3516
249
1348
169
1087
4085
2107
2647
4411
3171
6122
1759
11
3750
1013
3843
1317
68
757
3007
5587
12
574
2409
34
3630
621
2563
4137
2277
3203
6227
2102
2631
4359
3002
5570
6956
4482
3403
6880
4234
2593
4235
2597
4248
2639
4385
3086
5844
851
3314
6589
3284
6491
2964
5446
6551
3160
36
2988
5524
6806
3992
1803
1655
1171
4359
3002
5570
6956
4482
3403
6880
4234
2593
4235
2597
4248
2639
4385
3086
5844
851
3314
6589
3284
6491
2964
5446
6551
3160
6086
1641
1126
4212
22
5351
6241
2147
2778
4839
4569
3687
807
3170
6119
1749
1478
593
2471
3836
1294
4761
4314
2855
5090
5389
6365
2
5462
6604
33
4427
3224
6295
2324
3356
6726
3731
951
3640
654
2671
4489
3426
6955
4479
3393
6847
4126
2241
3085
5841
841
3281
6481
2931
5338
6199
2010
2331
3379
6801
3976
1751
35
4299
2806
4930
4866
4657
3975
1748
1475
584
2442
3741
983
3745
997
3791
1147
4281
2747
4737
4236
2600
4257
2668
4479
3393
6847
4126
2241
3085
5841
841
3281
6481
2931
5338
49
2665
4470
3364
6752
3816
1228
4545
3609
552
2338
3402
6876
4221
2551
4097
2146
2775
4829
4536
3580
458
2031
2399
3601
526
2253
3124
5969
1259
4646
3939
1630
1090
4094
2136
2742
4721
4184
2430
3702
856
3330
6641
3454
46
685
2772
4819
4504
25
5158
5611
90
829
3242
6354
2516
3983
1774
1560
861
3347
6697
3636
641
2628
4349
2969
5462
6604
3333
6651
3486
151
1028
42
3985
1780
1580
927
3562
399
1838
1769
1544
809
3177
6142
1824
1723
1394
319
1577
917
3529
291
1485
616
2547
4084
2104
2638
4382
3077
5815
756
3004
5577
6979
4557
3648
680
2756
4767
4334
2920
5302
6081
25
339
1642
1129
4222
2554
4107
2179
2883
5182
5689
345
1662
1194
4434
3246
6367
2559
4124
2234
3062
5766
596
2481
3869
1401
42
3677
774
3062
5766
596
2481
3869
1401
342
1652
1162
4330
2907
5260
5944
1178
4382
3077
5815
756
3004
5577
6979
4557
3648
680
2756
4767
4334
2920
5302
6081
1625
1073
4039
1957
2158
2814
4956
4951
4935
4883
13
1572
900
3474
112
901
3477
121
930
3572
432
1946
2122
2696
21
3463
76
783
3092
5864
916
3526
281
1453
512
2207
2974
5479
6659
3512
236
1306
32
639
2622
4329
4
3731
951
3640
654
21
2777
4835
4556
3645
670
2723
4659
3981
1767
1537
786
3102
5897
1024
3879
1434
450
2004
2311
3314
6589
34
2273
3190
6184
1961
2171
2856
5093
5399
6398
2660
4453
3309
6573
3232
6321
2409
3634
634
2605
4274
2724
4662
3991
1800
1645
1139
4254
2659
4450
3299
6540
3124
5969
1259
46
3499
193
1165
4339
2936
5355
6254
2190
2919
5299
6071
1592
966
3689
814
3193
6194
1994
2278
3206
6236
2131
2726
4669
4014
1875
1890
1939
2099
2621
4326
2894
5217
5803
717
2876
5159
5614
100
861
3347
6697
3636
641
2628
4349
19
3323
6618
3379
6801
3976
1751
1485
616
2547
4084
2104
2638
4382
3077
5815
756
3004
5577
6979
7
4616
3841
1310
45
682
2762
4786
46
552
2338
3402
6876
4221
2551
4097
2146
2775
4829
4536
3580
458
2031
2399
3601
526
2253
3124
5969
1259
4646
3939
1630
1090
4094
2136
2742
4721
4184
2430
3702
856
3330
6641
3454
46
685
2772
4819
4504
3475
115
910
3507
219
50
6044
1504
678
2749
4744
4259
2675
4502
3469
95
845
3294
6524
3072
5799
704
2834
5022
5167
5640
185
1139
4254
2659
4450
3299
6540
3124
5969
1259
4646
3939
1630
1090
4094
2136
2742
4721
4184
2430
3702
856
3330
6641
3454
46
685
2772
4819
4504
25
5158
5611
90
829
3242
6354
2516
3983
1774
1560
861
3347
6697
3636
641
2628
4349
2969
5462
6604
3333
6651
3486
151
1028
42
3985
1780
1580
927
3562
399
1838
1769
1544
809
3177
6142
1824
1723
1394
319
1577
917
3529
291
1485
616
2547
4084
2104
2638
4382
3077
5815
756
3004
5577
6979
4557
3648
680
2756
4767
4334
2920
5302
6081
25
339
1642
1129
4222
2554
4107
2179
2883
5182
5689
345
1662
1194
4434
3246
6367
2559
4124
2234
3062
5766
596
2481
3869
1401
42
3677
774
3062
5766
596
2481
3869
1401
342
1652
1162
4330
2907
5260
5944
1178
4382
3077
5815
756
3004
5577
6979
4557
3648
680
2756
4767
4334
2920
5302
6081
1625
1073
4039
1957
2158
2817
4969
4997
5088
5385
5
1300
15
587
2455
3787
37
2779
4845
4592
3766
1068
4026
1917
2030
2399
3604
539
2298
3274
6462
2872
5149
5585
8
564
2380
3542
337
1639
1122
4202
2492
3908
1532
773
3062
5769
609
2527
4022
1904
1988
2262
7
2459
3800
1179
4388
3100
5893
1014
49
2328
3372
6782
3917
1561
868
3373
6785
3927
1594
976
3725
934
3588
487
2129
2723
4662
3994
1813
1691
1292
4757
4305
2828
5005
5114
5470
6633
3431
6974
4544
3609
556
2354
3457
59
731
2925
5322
6150
1853
1821
1717
1377
267
1410
375
1763
27
5956
1220
4522
3537
321
1586
949
3637
647
2651
4427
3227
6308
2369
3506
219
1253
4630
3890
1473
580
2432
3712
892
3451
40
669
23
3912
1545
815
3200
6220
2082
2569
4159
2352
3451
40
669
2723
4662
3994
1813
1691
1292
4757
4305
2828
5005
5114
20
4834
4556
3648
683
2769
4813
4487
3423
6948
4459
3331
6648
3480
134
976
3725
934
3588
487
2129
23
713
2867
5133
5532
6835
4090
2126
2713
4630
3890
1473
580
2432
3712
892
3451
40
669
2723
4662
3994
1813
1691
42
4503
3475
118
924
3556
383
1789
1612
1034
3915
1555
848
3307
6569
3222
6292
2317
3337
6667
3542
337
1639
1122
4202
2492
3908
1532
773
3062
5769
609
2527
4022
1904
1988
2262
3157
6080
1625
1077
4055
2012
41
2334
3392
6847
4130
2257
3141
6027
1452
512
2210
2987
5524
6809
4006
1852
1818
1707
1345
162
1067
4023
1908
2001
2305
3297
6537
3117
5949
1197
4447
3292
6520
3062
5769
609
2527
4022
1904
1988
2262
3157
30
259
1384
290
1485
620
2563
4140
2290
3248
6377
2595
4244
2629
4355
2992
5541
6865
4188
2446
3758
1042
3941
1640
1126
4215
2535
4048
1989
2265
3167
12
2439
3735
967
3696
840
3281
6485
2947
5394
6385
2621
4329
7
2711
4623
3867
1398
335
1632
1100
30
2187
2912
5280
6012
1403
352
1688
1282
4725
4200
2486
3888
1467
561
2370
3510
232
1296
2
545
2318
3340
6677
3574
441
1978
2229
3049
5727
472
30
2396
3595
510
2204
2968
5462
6607
3346
6697
3640
657
2684
4535
3580
461
2044
2445
3755
1032
3908
1532
773
3062
5769
609
2527
4022
1904
1988
2262
7
2459
3800
1179
4388
3100
5893
1014
49
2328
3372
6782
3917
1561
868
3373
6785
3927
1594
976
3725
934
3588
487
2129
2723
4662
3994
1813
1691
1292
4757
4305
2828
5005
5114
5470
6633
3431
6974
4544
3609
556
2354
3457
59
731
2925
5322
6150
1853
1821
1717
1377
267
1410
375
1763
27
5956
1220
4522
3537
321
1586
949
3637
647
2651
4427
3227
6308
2369
3506
219
1253
4630
3890
1473
580
2432
3712
892
3451
40
669
23
3912
1545
815
3200
6220
2082
2569
4159
2352
3451
40
669
2723
4662
3994
1813
1691
1292
4757
4305
2828
5005
5114
20
4834
4556
3648
683
2769
4813
4487
3423
6948
4459
3331
6648
3480
134
976
3725
934
3588
487
2129
23
713
2867
5133
5532
6835
4090
2126
2713
4630
3890
1473
580
2432
3712
892
3451
40
669
2723
4662
3994
1813
1691
42
4503
3475
118
924
3556
383
1789
1612
1034
3915
1555
848
3307
6569
3222
6292
2317
3337
6667
3542
337
1639
1122
4202
2492
3908
1532
773
3062
5769
609
2527
4022
1904
1988
2262
3157
6080
1625
1077
4055
2012
41
2334
3392
6847
4130
2257
3141
6027
1452
512
2210
2987
5524
6809
4006
1852
1818
1707
1345
162
1067
4023
1908
2001
2305
3297
6537
3117
5949
1197
4447
3292
6520
3062
5769
609
2527
4022
1904
1988
2262
3157
30
259
1384
290
1485
620
2563
4140
2290
3248
6377
2595
4244
2629
4355
2992
5541
6865
4188
2446
3758
1042
3941
1640
1126
4215
2535
4048
1989
2265
3167
12
2439
3735
967
3696
840
3281
6485
2947
5394
6385
2621
4329
7
2711
4623
3867
1398
335
1632
1100
30
2187
2912
5280
6012
1403
352
1688
1282
4725
4200
2486
3888
1467
561
2370
3510
232
1296
2
545
2318
3340
6677
3574
441
1978
2229
3049
5727
472
30
2396
3595
510
2204
2968
5462
6607
3346
6697
3640
657
2684
4535
3580
461
2044
2445
3755
1032
3908
1532
773
3062
5769
609
2527
4022
1904
1988
2262
7
2459
3800
1179
4388
3100
5893
1014
49
2328
3372
6782
3917
1561
868
3373
6785
3927
1594
976
3725
934
3588
487
2129
2723
4662
3994
1813
1691
1292
4757
4305
2828
5005
5114
5470
6633
3431
6974
4544
3609
556
2354
3457
59
731
2925
5322
6150
1853
1821
1717
1377
267
1410
375
1763
27
5956
1220
4522
3537
321
1586
949
3637
647
2651
4427
3227
6308
2369
3506
219
1253
4630
3890
1473
580
2432
3712
892
3454
53
715
26
3567
422
1920
2043
2445
3758
1045
3954
1686
1279
4718
4180
2424
3689
820
3219
6285
2298
3278
6478
2928
5335
6195
2004
2318
3343
40
4363
3021
5639
188
1155
4313
2858
5106
5447
6561
3199
6220
2085
2582
4205
2505
3954
1686
1279
4718
4180
2424
3689
820
3219
6285
2298
3278
6478
2928
5335
6195
2004
2318
3343
6690
3620
595
2484
3885
10
4295
2799
4914
4821
4517
3524
281
1459
538
2298
28
6934
4417
3198
6217
2076
2553
4110
2195
2941
5378
6336
2464
3820
1248
4617
3851
1349
179
1126
4218
2548
4094
2143
2772
4826
4533
3576
451
14
5036
5219
5817
769
3053
5743
528
2266
3173
6135
1808
1678
1253
4633
3
4175
2407
3634
41
421
1916
2030
2403
3621
598
2494
3918
1568
894
3461
76
790
3121
5965
1253
4633
3903
1519
734
2938
5368
6303
2356
3467
95
852
3324
6628
3418
6935
4420
3207
6246
2170
2860
5113
5470
6636
3444
20
7
4528
3560
399
1844
1795
1635
1113
26
2825
4999
5098
5421
6476
2921
5312
6120
1759
1518
731
2929
5338
6205
2036
2422
3683
801
3157
6083
1638
1122
4205
2505
3954
1686
29
1277
4712
4161
2362
3487
161
1067
4026
1921
2047
2458
3800
1183
4405
3158
6086
1648
1155
4313
2858
5106
5447
6561
3199
6220
2085
2582
4205
2505
4
3630
627
2589
4228
30
2214
3003
5580
6995
4616
3847
1336
136
986
3761
1055
3987
1793
1629
1093
4111
2198
2951
5410
6440
2804
4930
4873
4687
4079
2094
2612
4303
2825
4999
48
5932
1145
4281
2753
4764
4331
2917
5299
6078
1622
1070
4036
1953
2151
2798
4911
4811
4484
3416
6929
4401
3145
6044
1511
708
2853
5090
5395
6391
2644
4408
3168
6119
1756
1508
698
2821
4986
5056
5284
6029
1462
548
2331
3386
6831
4081
2100
31
1670
1227
4548
3625
611
2537
4058
2025
2386
3565
415
1897
1968
2200
2958
5433
6515
3049
5730
485
2125
2713
4633
3903
1519
734
2938
5368
6303
2356
3467
45
677
2752
4760
4318
2874
5159
5621
129
963
3686
810
3187
6181
1958
2167
2850
5080
5363
6287
2304
3297
6540
3130
5995
1351
185
1146
4284
2763
4796
4435
3256
6406
2693
4568
3691
827
3242
6360
2543
4078
2090
2599
4261
2688
1
4509
48
861
3353
6723
3728
948
3637
650
2664
4473
3380
6811
4015
1885
1929
2073
2543
4078
2090
2599
4261
2688
4551
3635
644
2644
4408
3168
6119
1756
1508
698
2821
4986
5056
5284
6029
1462
548
2331
3386
6831
4081
2100
2631
4365
3028
5662
263
50
1951
2145
2778
4845
4595
3779
1114
4179
2420
3676
778
3082
5838
838
3278
6478
2928
5335
6195
2004
2318
3343
6690
3620
595
2484
3885
1460
541
2308
3310
6583
3271
6455
2853
5090
5395
6391
2644
4408
3168
6119
1756
1508
698
2821
4986
5056
5284
6029
12
1206
4480
3403
6886
4260
2685
4542
3606
549
2334
3395
6860
25
6236
2138
2755
4770
4350
2979
5502
6741
3787
1140
4264
2698
4584
3743
997
3797
1173
4372
3051
5737
508
2200
2958
5433
6515
49
820
3219
6285
2298
3278
6478
2928
5335
6195
2004
2318
3343
6690
3620
595
2484
3885
1460
541
2308
3310
6583
3271
6455
2853
5090
5395
6391
2644
4408
3168
6119
1756
1508
698
2821
4986
5056
5284
6029
1462
548
2331
3386
6831
4081
2100
2631
4365
28
186
1149
4294
2796
4904
4788
4409
3171
6129
1788
1612
1038
3931
1610
1031
3908
1535
786
3108
5923
1115
4183
2433
3719
918
3539
330
1619
10
2030
2403
3621
598
2494
3918
1568
894
3461
76
40
4847
4602
3802
1189
4424
3220
6289
2311
3320
6615
3375
6795
3963
1715
1374
260
1390
313
1564
881
3418
6935
4420
3207
6246
2170
2860
5113
5470
6636
3444
20
607
2524
4016
1888
1939
2105
2647
4417
48
2047
2458
3800
1183
4405
3158
6086
1648
1155
4313
2858
5106
5447
6561
3199
6220
2085
2582
4205
2505
3954
1686
1279
4718
4180
2424
3689
820
3219
6285
2298
3278
6478
2928
5335
6195
2004
2318
3343
6690
3620
595
2484
3885
1460
541
2308
3310
33
5345
6228
2111
2667
4483
3413
6919
4368
3037
5691
358
1711
1361
218
1253
4633
3903
1519
734
2938
5368
6303
2356
3467
95
852
3324
6628
3418
6935
4420
3207
6246
20
83
812
3193
6200
2020
2370
3513
245
1342
156
1051
3974
1751
1491
642
2638
4388
3103
5907
1063
13
3692
830
3252
6393
2650
4427
3230
6321
2415
3660
725
2909
5273
43
1875
1896
1965
2190
2925
5325
6163
1899
1975
2223
3033
5678
315
1570
900
3480
138
992
3781
1121
4202
2495
3921
1578
927
3569
428
1939
2105
2647
4417
3198
6217
2076
2553
4110
2195
2941
5378
6336
2464
3820
1248
17
5067
5320
6146
1844
1795
1635
1113
4176
2411
3647
683
2772
4826
4533
3576
451
2014
50
1811
1687
1282
4728
4213
2531
4039
1966
2197
2951
5413
6453
2849
5080
5366
6300
2350
3451
46
695
2814
4966
4994
5085
5382
6352
2520
4006
1859
1847
1808
1681
1266
4679
4056
2022
2380
3549
366
1740
1459
541
2311
3323
6628
3421
6948
4466
3361
6752
26
3037
5694
371
1756
1511
711
2867
5139
5559
6930
4407
3168
6122
1769
1554
851
3324
6631
3431
6981
4574
3713
902
3490
174
1113
29
6573
3241
6360
2546
4091
2136
2752
4764
4334
2930
5345
6231
2125
2716
4646
3949
1672
1237
4584
3746
1010
3843
1326
107
894
3464
89
835
3271
8
1890
1949
2141
2768
4816
4504
3485
157
7
1480
610
2537
4061
2038
2432
3719
21
280
1459
541
2311
3323
6628
3421
6948
4466
3361
6752
3826
1271
4695
4109
2195
2945
5394
6391
2647
4421
14
2021
2376
3536
324
1603
1011
3846
1336
140
1002
3817
1241
4597
3789
50
6004
1383
293
1502
682
2772
4829
4546
3622
605
2520
4006
1859
1847
1808
1681
1266
4679
4056
2022
2380
3549
366
1740
1459
541
2311
3323
6628
3421
6948
4466
3361
6752
3826
1271
4695
4109
2195
2945
5394
6391
2647
4421
3214
6272
2258
3150
6063
1576
23
2349
3448
36
662
2707
4617
3854
1362
224
1276
4712
4164
2375
3532
311
1560
871
3389
6844
4126
2250
3124
5978
48
6842
4120
2231
3062
5776
639
2631
4368
3041
5707
413
1893
1958
2171
2866
5136
5549
6897
4299
2815
4969
5003
5114
5477
6662
3532
311
1560
871
3389
6844
4126
2250
3124
5978
1298
15
594
2484
3888
1473
587
2462
3817
1241
4597
3789
1150
50
4048
1996
2295
3271
6458
2866
5136
5549
6897
4299
2815
4969
5003
5114
5477
6662
3532
311
1560
871
3389
6844
4126
2250
3124
5978
1298
15
594
2484
3888
1473
587
2462
3817
1241
4597
3789
1150
4300
2819
4982
5046
5255
5937
1164
4346
2969
5472
6646
30
3586
487
2135
2749
4754
4301
2822
4992
5078
5359
6277
2275
3206
6246
2174
2876
5169
5656
247
1351
189
1162
4339
2946
5397
6401
2680
4528
3563
412
40
1580
936
3601
536
2295
3271
6458
2866
5136
5549
6897
4299
2815
4969
5003
5114
5477
6662
3532
311
1560
871
3389
6844
4126
2250
3124
5978
1298
15
594
2484
3888
1473
587
2462
3817
1241
4597
3789
50
6004
1383
293
1502
682
2772
4829
4546
3622
605
2520
4006
1859
1847
1808
1681
1266
4679
4056
2022
2380
3549
366
1740
1459
541
2311
3323
6628
3421
6948
4466
3361
6752
3826
1271
4695
4109
2195
2945
5394
6391
2647
4421
3214
6272
2258
3150
6063
1576
23
2349
3448
36
662
2707
4617
3854
1362
224
1276
4712
4164
2375
3532
311
1560
871
3389
6844
4126
2250
3124
5978
48
6842
4120
2231
3062
5776
639
2631
4368
3041
5707
413
1893
1958
2171
2866
5136
5549
6897
4299
2815
4969
5003
5114
5477
6662
3532
311
1560
871
3389
6844
4126
2250
3124
5978
1298
15
594
2484
3888
1473
587
2462
3817
1241
4597
3789
1150
50
4048
1996
2295
3271
6458
2866
5136
5549
6897
4299
2815
4969
5003
5114
5477
6662
3532
311
1560
871
3389
6844
4126
2250
3124
5978
1298
15
594
2484
3888
1473
587
2462
3817
1241
4597
3789
1150
4300
2819
4982
5046
5255
5937
1164
4346
2969
5472
6646
30
3586
487
2135
2749
4754
4301
2822
4992
5078
5359
6277
2275
3206
6246
2174
2876
5169
5656
247
1351
189
1162
4339
2946
5397
6401
2680
4528
3563
412
40
1580
936
3601
536
2295
3271
6458
2866
5136
5549
6897
4299
2815
4969
5003
5114
5477
6662
3532
311
1560
871
3389
6844
4126
2250
3124
5978
1298
15
594
2484
3888
1473
587
2462
3817
1241
4597
3789
50
6004
1383
293
1502
682
2772
4829
4546
3622
605
2520
4006
1859
1847
1808
1681
1266
4679
4056
2022
2380
3549
366
1740
1459
541
2311
3323
6628
3421
6948
4466
3361
6752
3826
1271
4695
4109
2195
2945
5394
6391
2647
4421
3214
6272
2258
3150
6063
1576
23
2349
3448
36
662
2707
4617
3854
1362
224
1276
4712
4164
2375
3532
311
1560
871
3389
6844
4126
2250
3124
5978
48
6842
4120
2231
3062
5776
639
2631
4368
3041
5707
413
1893
1958
2171
2866
5136
5549
6897
4299
2815
4969
5003
5114
5477
6662
3532
311
1560
871
3389
6844
4126
2250
3124
5978
1298
15
594
2484
3888
1473
587
2462
3817
1241
4597
3789
1150
50
4048
1996
2295
3271
6458
2866
5136
5549
6897
4299
2815
4969
5003
5114
5477
6662
3532
311
1560
871
3389
6844
4126
2250
3124
5978
1298
15
594
2484
3888
1473
587
2462
3817
1241
4597
3789
1150
4300
2819
4982
5046
5255
5937
1164
4346
2969
5472
6646
30
3586
487
2135
2749
4754
4301
2822
4992
5078
5359
6277
2275
3206
6246
2174
2876
5169
5656
247
1351
189
1162
4339
2946
5397
6401
2680
4528
3563
412
40
1580
936
3601
536
2295
3271
6458
2866
5136
5549
6897
4299
2815
4969
5003
5114
5477
6662
3532
311
1560
871
3389
6844
4126
2254
3141
6037
1494
659
2700
4597
3792
1163
4346
2972
5485
6692
3633
644
1
3823
14
2983
5521
6809
4015
1891
1955
2164
2847
5077
5359
6280
2288
3252
6400
30
5666
283
1472
587
2465
3830
1287
4751
4295
2806
4943
4922
4853
4628
3893
1493
655
2687
4555
3655
716
2886
5204
5774
635
2622
4342
2959
5443
6555
36
501
2184
2912
5289
6052
1543
819
3222
6302
2360
3487
167
1093
4117
2224
3043
5717
449
2014
2357
3477
134
986
3768
1085
4091
2139
2765
4809
4484
3423
6958
4502
3482
151
1041
47
4100
2169
2863
5129
5529
6835
4100
2169
2863
5129
5529
6835
4100
2169
2863
5129
5529
6835
4100
2169
2863
5129
5529
6835
4100
2169
2863
5129
5529
6835
4100
2169
2863
5129
5529
6835
4100
2169
2863
5129
5529
6835
4100
2169
2863
5129
5529
35
1452
522
2253
3137
6024
1452
522
2253
3137
6024
1452
522
2253
3137
6024
1452
522
2253
3137
6024
1452
522
2253
3137
6024
1452
522
2253
3137
6024
1452
522
2253
3137
6024
2
1729
1426
37
6469
2905
5266
5977
1298
19
610
2540
4075
2087
2595
4254
2672
4506
3495
193
1178
4395
3132
6008
1400
352
1697
1322
97
865
3373
6795
3970
1744
1475
597
2498
3937
1637
1126
4225
27
3234
6341
2487
3901
1519
740
2965
5462
6617
3388
6844
4130
2267
3183
6174
1942
2122
2710
4630
3900
1516
731
2935
5364
6297
2343
3431
34
2679
4528
3567
428
1946
2135
2752
4767
4347
2975
5495
6724
3738
987
3771
1094
4121
2237
3085
5854
897
3477
134
986
3768
1085
4091
2139
2765
4809
4484
3423
6958
4502
32
5655
247
1355
205
1217
4522
3547
363
1733
1439
479
2112
2677
4522
3547
363
1733
1439
479
2112
2677
4522
3547
363
1733
1439
479
2112
2677
4522
3547
363
33
5177
5686
348
1684
1279
4725
4210
2528
4035
1957
2171
2870
5152
5604
80
809
3190
6197
2017
2367
3510
242
1338
149
1035
3928
1607
1028
3905
1532
783
3105
5920
12
2775
4842
4592
3776
1111
4176
2417
3673
774
3076
5825
802
17
5135
5549
6901
4316
2874
5165
5647
221
1270
4695
4112
2208
2990
5544
6884
4260
2691
18
4483
3420
6948
4469
3374
6798
3979
1774
1573
917
3543
350
1691
1302
32
652
2677
4522
47
5247
5914
1093
4117
2224
3043
5717
449
2014
2357
3477
134
986
3768
1085
4091
2139
2765
4809
4484
3423
6958
4502
3482
151
1041
3947
1669
1230
4565
3687
820
3226
6315
2402
3624
614
2553
4117
2224
3043
5717
449
2014
2357
3477
134
36
1392
326
1613
1047
3967
1735
1446
502
2187
2922
5322
6159
1893
1962
2187
2922
5322
6159
1893
1962
2187
2922
5322
6159
1893
1962
2187
2922
5322
6159
1893
1962
2187
2922
5322
6159
43
3972
1751
1498
672
2742
4734
4239
2623
4346
2972
5485
6692
3633
644
2651
4437
3269
6455
2859
5116
5487
6698
3653
709
2863
5129
5529
6835
4100
2169
2863
5129
5529
6835
4100
2169
2863
5129
5529
6835
4100
2169
2863
29
6433
2787
4881
4719
4190
2463
3823
1264
4676
4050
2006
2331
3392
6857
4172
2404
3630
634
2618
4329
2917
5306
6107
1723
1407
375
1773
1570
907
10
5606
87
832
3265
6442
2817
4979
5039
5235
5875
15
5849
880
3422
6955
4492
3449
43
688
2795
4907
4804
4468
3371
6788
3947
19
4065
2055
2491
3915
1565
891
3458
72
783
3105
5920
1112
4179
2427
3706
882
3428
6974
4554
1
516
33
4283
2766
4813
4497
3465
95
858
3350
6720
3725
944
3631
637
2628
4362
3024
5655
247
1355
205
1217
4522
3547
363
1733
1439
479
2112
2677
4522
3547
363
1733
39
3661
735
2948
5407
6437
2801
4927
4869
4680
4063
2048
2468
3839
1317
81
812
3200
6230
2125
2719
4659
3994
1823
1733
1439
479
2112
2677
4522
3547
363
1733
1439
479
2112
2677
4522
3547
363
33
5177
5686
348
1684
1279
4725
4210
2528
4035
1957
2171
2870
5152
5604
80
809
3190
6197
2017
2367
3510
242
1338
149
1035
3928
1607
1028
3905
1532
783
3105
5920
12
2775
4842
4592
3776
1111
4176
2417
3673
774
3076
5825
802
17
5135
5549
6901
4316
2874
5165
5647
221
1270
4695
4112
2208
2990
5544
6884
4260
2691
18
4483
3420
6948
4469
3374
6798
3979
1774
1573
917
3543
350
1691
1302
32
652
2677
4522
47
5247
5914
1093
4117
2224
3043
5717
449
2014
2357
3477
134
986
3768
1085
4091
2139
2765
4809
4484
3423
6958
4502
3482
151
1041
3947
1669
1230
4565
3687
820
3226
6315
2402
3624
614
2553
4117
2224
3043
5717
449
2014
2357
3477
134
36
1392
326
1613
1047
3967
1735
1446
502
2187
2922
5322
6159
1893
1962
2187
2922
5322
6159
1896
1975
2233
3075
5825
805
3180
6168
1925
2069
2540
4078
2100
2641
4408
3178
6161
1902
44
2882
5195
5748
554
2360
3490
180
1139
4271
2731
4702
4138
2296
3281
6498
3003
5590
38
675
2756
4783
4403
3162
6109
1733
1442
492
2158
2830
5025
5193
5741
531
2285
3245
6380
2618
4333
2933
5361
6290
2324
3372
6795
23
2195
2951
5420
6483
2954
5430
6515
3058
5769
622
2582
4215
2548
4104
2185
2919
5315
6140
1834
1772
1570
910
3523
38
473
2096
2628
4365
3037
5701
400
1857
1847
1815
1710
1367
247
1358
218
1263
4676
4053
2019
2376
3542
350
1694
1315
77
803
3174
6148
1860
1857
1847
1815
1710
1367
247
1358
218
1263
26
1931
2089
2605
4290
2793
4904
4798
4451
3318
6618
3395
6870
4218
2557
4133
2280
3229
6328
2448
3777
1117
4199
2495
3931
1620
1073
5
5350
6254
2206
2987
5538
18
3632
644
2654
4450
3315
6609
3365
6772
3898
1512
721
2906
5273
6003
1387
313
1573
920
6
6243
2170
2870
5155
5617
126
13
3457
72
786
3118
5965
1262
4672
4040
1976
2236
3085
5858
913
33
1309
58
741
2971
5485
6695
3646
690
2804
4940
4915
4834
4569
3704
879
3422
6958
4505
3495
196
1191
4441
3286
6514
3055
5760
593
2488
3908
1545
829
3258
6422
5
2503
3957
1705
1351
195
38
5433
6525
3091
5877
975
3735
980
3752
1036
3934
1630
1106
4163
2378
3549
373
1769
1560
878
3418
6945
4463
3358
6749
3823
1268
4692
4105
2188
2928
5345
6238
2154
2817
4982
5052
5281
6029
21
684
2785
4878
4713
4174
2414
3666
755
3017
5635
185
1155
4323
2900
5253
5937
1171
4375
3070
5809
753
10
6499
3006
5600
70
780
3098
5900
1050
3980
1780
46
2297
3284
6507
3032
5684
345
1678
1263
4676
4053
2019
2376
3542
350
1694
1315
77
803
3174
6148
1860
1857
1847
1815
1710
1367
247
1358
218
1263
4676
4053
2019
2376
3542
350
1694
1315
77
803
3174
6148
1860
1857
1847
1815
10
4043
1986
2269
3193
6210
2062
2517
4003
1855
1841
45
2590
4241
2633
4382
3093
5884
998
3810
1225
4552
3648
696
2824
5005
5127
5526
6829
4084
2120
2706
4620
3870
1421
424
1936
2105
2657
4460
3348
6716
3715
915
3539
340
1662
1211
4506
3498
206
1224
4548
3635
654
2687
4558
18
2722
4672
4040
1976
2236
3085
5858
913
3533
321
1599
1005
3833
1300
28
643
2651
4440
32
5362
6293
2334
3405
6903
4326
2910
5286
6045
1524
760
3033
5688
358
1720
1400
355
1711
1371
260
1400
355
1711
1371
260
1400
355
1711
1371
260
1400
355
11
242
1342
166
1093
4121
2241
3101
5910
1083
4088
2133
49
2396
3608
565
2396
3608
565
2396
3608
565
2396
3608
565
2396
3608
565
2396
3608
565
2396
3608
565
2396
3608
565
2396
3608
565
2396
3608
565
2396
3608
565
2396
3608
565
2396
3608
565
2396
3608
565
2396
3608
565
2396
3608
565
2396
8
4179
2430
3719
928
3582
481
2122
2713
43
3552
383
1802
1668
1230
4568
3700
866
3379
6818
4048
2002
2321
3363
6765
3875
1437
476
2106
2661
4473
3390
6854
4166
2388
3581
477
2109
2670
4502
3485
164
1087
4101
2175
2886
5208
5790
691
2808
4953
4958
4974
26
3611
575
2429
3715
915
3539
340
1662
1211
4506
3498
206
1224
4548
3635
654
2687
4558
3668
761
3036
5698
391
1828
1753
1508
8
2082
2582
4215
2548
4104
2185
2919
5315
40
5801
727
2925
5335
6205
2046
2465
3833
1300
28
643
2651
4440
3282
6501
3013
5622
142
1015
3866
1408
381
1795
1645
1155
4323
2900
5253
5937
1171
4375
3070
5809
753
3010
5613
113
920
3556
396
44
3174
6148
1860
1857
1847
1815
1710
1367
247
1358
218
1263
4676
4053
2019
2376
3542
350
1694
1315
77
803
3174
6148
1860
1857
1847
1815
1710
1367
247
1358
218
1263
4676
4053
2019
2376
3542
350
1694
1315
77
803
24
5632
175
1123
4218
2557
4133
2280
3229
6328
2448
3777
1117
4199
2495
3931
1620
1073
4055
2025
2396
3608
565
2396
3608
15
1352
198
1198
4463
3358
6749
3823
1268
4692
4105
2188
2928
5345
6238
2154
17
3505
229
1299
25
633
2618
4333
2933
5361
6290
2324
3372
6795
3973
1757
1521
750
50
22
623
2586
4228
2590
4241
2633
4382
3093
5884
998
3810
1225
4552
3648
696
2824
5005
5127
5526
6829
4084
2120
2706
4620
3870
1421
424
1936
2105
2657
4460
3348
6716
3715
915
3539
340
1662
1211
4506
3498
206
1224
4548
3635
654
2687
4558
3668
11
4896
4772
4367
3044
5724
475
2102
2647
4427
3240
6364
15
1688
1296
15
600
2511
3983
1790
1629
1103
4153
2345
3441
20
617
2566
13
3400
6886
4270
2727
4688
4096
2162
2847
5084
5389
6385
2637
4398
49
4661
4007
1872
1900
1991
2288
3258
6426
2771
4835
4576
3730
967
3712
908
3520
281
1472
593
2491
3921
1591
982
3761
1068
4042
1986
2272
3206
6256
2216
3023
5658
263
1413
401
1864
1874
1906
2011
2354
3474
131
982
3761
1068
4042
1986
2272
6
4613
3851
1362
234
1319
94
11
4936
4905
4804
4474
3397
6880
4254
2678
4532
3586
497
27
4168
2397
3614
588
2475
3869
1421
427
1949
2151
2811
4966
5003
5124
5519
6809
4022
1921
2060
2514
3996
1836
1782
1606
1031
3921
1591
32
6212
2072
2553
4124
2254
3147
6063
1586
966
3709
899
3490
183
1152
4316
2881
5195
5751
567
2406
3643
683
2785
4881
4726
4220
2567
4169
2401
3627
631
2615
26
2533
4058
2038
2442
3761
1068
4042
1986
2272
3206
6256
2216
3023
5658
263
1413
401
1864
1874
1906
2011
2354
3474
131
982
3761
18
6438
2810
4963
4994
5095
5425
6502
3019
5645
221
1276
4721
4203
2512
3990
1816
1717
1394
39
4696
4122
2247
3124
5988
1341
166
1097
4137
2296
3284
6511
3049
5743
541
2321
3366
6778
3921
1591
982
3761
1068
4042
1986
2272
3206
6256
2216
3023
5658
263
1413
401
1864
1874
1906
2011
2354
24
1247
4627
3896
1509
714
2886
5211
5803
737
2961
5456
6604
3352
6733
3774
1111
4183
2446
3774
1111
4183
2446
3774
1111
33
5553
6920
4384
3103
5920
1119
4209
2531
4052
2019
2380
3559
409
1890
1958
2181
2909
5286
6048
1537
806
3187
6194
2014
2363
3503
226
1293
9
584
2462
3826
1281
38
2542
4088
2136
2762
4806
4481
3420
6955
4499
3478
144
1025
3902
1529
780
3102
5916
1106
4166
2391
3595
526
2272
3206
6256
2216
3023
5658
263
1413
401
1864
1874
1906
2011
2354
3474
131
32
2411
3660
739
2968
5479
6679
3597
533
2295
3281
6501
3016
5635
188
1168
4369
3054
5760
596
2501
3954
1699
1335
146
1031
3921
1591
982
3761
1068
4042
1986
22
5993
1357
218
1266
4689
4099
2172
2879
5188
5728
492
2161
2843
5071
5346
6244
2177
2896
5244
5911
1089
4111
11
61
754
3017
5639
201
1211
4509
3511
252
1377
283
29
4769
4360
3024
5662
276
1456
541
2321
3366
6778
3921
1591
982
3761
1068
4042
1986
2272
3206
6256
2216
3023
5658
263
1413
401
1864
1874
1906
11
2856
5113
5483
6692
3640
673
2752
4773
4373
3067
5802
33
1144
4290
2796
4917
4843
4602
3815
1245
4620
3873
1434
469
2086
2599
4274
2744
4747
4288
2789
4894
4768
4357
3015
5632
178
1136
4264
2711
4639
3936
1640
1142
4284
26
3527
304
1547
838
3291
6534
3124
5988
1341
166
1097
4137
2296
3284
6511
3049
5743
541
2321
3366
6778
3921
1591
982
3761
1068
42
2124
2723
4679
4066
2064
2527
4039
1976
2239
3098
5903
1063
4026
1934
2102
2651
4444
3299
6560
3209
6266
2249
3131
6011
1416
411
1897
1981
2256
3154
6086
1661
1211
4509
3511
252
1377
283
1479
616
2566
4166
41
1399
355
1714
1384
306
1554
861
3366
6778
3921
1591
982
3761
1068
4042
1986
2272
3206
6256
2216
3023
5658
263
1413
401
1864
1874
1906
2011
2354
3474
131
982
3761
1068
4042
1986
2272
3206
6256
2216
23
6526
3098
5903
1063
4026
1934
2102
2651
4444
3299
6560
3209
6266
2249
3131
6011
1416
411
1897
1981
2256
3154
6086
11
1499
682
2782
4871
4693
4112
2215
3020
5649
234
1319
44
5998
1373
270
1436
476
2109
2674
4519
3544
360
1730
1436
476
2109
2674
4519
3544
360
1730
1436
476
2109
2674
4519
3544
360
1730
1436
476
2109
2674
4519
3544
360
1730
1436
476
2109
2674
4519
3544
360
1730
1436
26
4377
3080
5844
871
3399
6886
4273
2740
4734
4246
2652
4447
3309
6592
3313
6605
3356
6746
3816
1248
4630
3906
1542
822
3239
6364
19
668
2736
4721
4203
2512
3990
1816
1717
1394
339
1662
1214
4519
3544
360
1730
1436
476
2109
24
3327
6651
3506
236
1325
113
924
3572
451
2027
2406
3643
683
2785
4881
4726
4220
2567
4169
2401
3627
631
2615
4326
13
3208
6262
2236
3088
5871
959
3686
823
3242
6374
2601
4280
2763
9
1665
1224
4552
3651
709
2870
5159
5634
185
9
1
558
2377
3549
376
1782
1606
1031
3921
41
1247
4627
3896
1509
714
2886
5211
5803
737
2961
5456
6604
3352
6733
3774
1111
4183
2446
3774
1111
4183
2446
3774
1111
4183
2446
3774
1111
4183
2446
3774
1111
4183
2446
3774
1111
4183
2446
3774
1111
4183
46
6282
2301
3301
6566
3228
6328
2451
3790
1163
4352
2998
5577
6999
4642
3945
1669
1237
4594
3789
1160
4343
2969
5482
6688
3627
631
2618
4339
2959
5453
6597
3333
6674
3584
494
2171
2879
5191
5741
537
2311
3337
6687
3627
634
2628
22
3170
6142
1847
1821
1736
1459
554
2367
3519
281
1475
607
2540
4084
2126
2732
4711
4174
2420
3692
846
3320
31
2732
4711
4174
2420
3692
846
3320
6631
3444
36
675
2762
4809
4494
3465
105
901
3500
219
1273
4715
4187
2463
3833
1307
58
747
2997
5577
2
564
50
2396
3614
592
2491
3924
1604
1028
3915
1575
933
3605
562
2393
3604
559
2383
3572
454
2040
2452
3797
1189
4441
3292
6540
3147
6067
1602
1021
3892
1499
685
2795
4917
4847
4618
3870
1428
453
2037
2442
3764
1081
4088
2139
2775
4852
4634
3922
1597
5
1915
2043
2461
3826
1284
1
1000
23
2877
5185
5722
475
2109
2677
4532
3589
510
2223
3049
5747
557
2377
3552
389
1828
1759
1534
799
3167
6132
1814
14
3023
5662
279
1469
587
2475
3872
1434
473
2102
2654
4457
3344
6710
2
1813
1710
24
4069
2077
2572
4189
2469
3852
1369
260
1407
384
1812
1707
1364
244
1355
215
1260
4672
4047
2006
2341
3434
4
571
22
5098
5438
6548
3173
6151
1876
1916
2047
2474
3869
1424
440
1995
2305
3317
6622
3414
6938
4446
3309
6596
3330
14
4912
4830
4563
3691
843
3311
6602
3349
6726
3754
1049
3983
1797
1658
4
2208
3000
5587
35
22
4121
2247
3128
6005
1400
362
1740
1472
597
2507
3977
1777
1593
992
3797
1189
4441
3292
6540
3147
6067
1602
21
4121
2247
3128
6005
1400
362
1740
1472
597
2507
3977
1777
1593
992
3797
1189
4441
3292
6540
3147
6067
2
4636
3929
20
6679
3601
549
2351
3467
112
924
3575
464
2073
2559
4146
2329
3395
6876
4244
2649
4440
3289
6530
14
412
1903
2004
2334
3412
6932
4427
3246
6390
2657
4466
3374
6808
4022
24
4473
3397
6883
4267
2724
4685
4089
2143
2788
4894
4772
4373
3070
5815
779
3102
5920
1122
4222
2577
4205
2522
4026
1937
15
357
1724
1420
427
1952
2164
2856
5116
5496
6737
3790
1166
4365
3044
5730
2
5671
309
17
64
767
3062
5789
694
2824
5012
5157
5630
175
1129
4245
2652
4450
3322
6638
3467
12
2883
5204
5784
678
2772
4842
4602
3818
1258
4666
4027
1940
25
6835
4110
2211
3010
5619
139
1012
3863
1405
378
1792
1642
1152
4320
2897
5250
5934
1168
4372
3067
5805
746
2994
5567
6969
2
2000
2000
3
2001
3099
2002
5
1000
1001
1000
1001
500
0
0
