5
2 3
1 3
3 2
5 5
1 4
2
5 5
3 2
1
1 1
1
1 1
2
1 1
1 2
2
2 1
2 2
2
2 1
1 2
2
1 1
2 2
50
1 1
2 2
3 3
4 4
5 5
6 6
7 7
8 8
9 9
10 10
11 11
12 12
13 13
14 14
15 15
16 16
17 17
18 18
19 19
20 20
21 21
22 22
23 23
24 24
25 25
26 26
27 27
28 28
29 29
30 30
31 31
32 32
33 33
34 34
35 35
36 36
37 37
38 38
39 39
40 40
41 41
42 42
43 43
44 44
45 45
46 46
47 47
48 48
49 49
50 50
0
50
1 1
2 2
3 3
4 4
5 5
6 6
7 7
8 8
9 9
10 10
11 11
12 12
13 13
14 14
15 15
16 16
17 17
18 18
19 19
20 20
21 21
22 22
23 23
24 24
25 25
26 26
27 27
28 28
29 29
30 30
31 31
32 32
33 33
34 34
35 35
36 36
37 37
38 38
39 39
40 40
41 41
42 42
43 43
44 44
45 45
46 46
47 47
48 48
49 49
50 50
49
1 1
2 2
3 3
4 4
5 5
6 6
7 7
8 8
9 9
10 10
11 11
12 12
13 13
14 14
15 15
16 16
17 17
18 18
19 19
20 20
21 21
22 22
23 23
24 24
25 25
26 26
27 27
28 28
29 29
30 30
31 31
32 32
33 33
34 34
35 35
36 36
37 37
38 38
39 39
40 40
41 41
43 43
44 44
45 45
46 46
47 47
48 48
49 49
50 50
5
2 3
1 3
3 2
5 5
1 4
2
5 5
3 2
3
2 3
3 2
5 5
2
5 5
3 2
1
1 1
1
1 1
1
50 50
0
1
1 1
1
25 25
1
25 25
100
25 24
25 24
25 24
25 24
25 24
25 24
25 24
25 24
25 24
25 24
25 24
25 24
25 24
25 24
25 24
25 24
25 24
25 24
25 24
25 24
25 24
25 24
25 24
25 24
25 24
25 24
25 24
25 24
25 24
25 24
25 24
25 24
25 24
25 24
25 24
25 24
25 24
25 24
25 24
25 24
25 24
25 24
25 24
25 24
25 24
25 24
25 24
25 24
25 24
25 24
25 24
25 24
25 24
25 24
25 24
25 24
25 24
25 24
25 24
25 24
25 24
25 24
25 24
25 24
25 24
25 24
25 24
25 24
25 24
25 24
25 24
25 24
25 24
25 24
25 24
25 24
25 24
25 24
25 24
25 24
25 24
25 24
25 24
25 24
25 24
25 24
25 24
25 24
25 24
25 24
25 24
25 24
25 24
25 24
25 24
25 24
25 24
25 24
25 24
25 24
50
50 1
50 2
50 3
50 4
50 5
50 6
50 7
50 8
50 9
50 10
50 11
50 12
50 13
50 14
50 15
50 16
50 17
50 18
50 19
50 20
50 21
50 22
50 23
50 24
50 25
50 26
50 27
50 28
50 29
50 30
50 31
50 32
50 33
50 34
50 35
50 36
50 37
50 38
50 39
50 40
50 41
50 42
50 43
50 44
50 45
50 46
50 47
50 48
50 49
50 50
100
1 50
1 1
2 50
2 1
3 50
3 1
4 50
4 1
5 50
5 1
6 50
6 1
7 50
7 1
8 50
8 1
9 50
9 1
10 50
10 1
11 50
11 1
12 50
12 1
13 50
13 1
14 50
14 1
15 50
15 1
16 50
16 1
17 50
17 1
18 50
18 1
19 50
19 1
20 50
20 1
21 50
21 1
22 50
22 1
23 50
23 1
24 50
24 1
25 50
25 1
26 50
26 1
27 50
27 1
28 50
28 1
29 50
29 1
30 50
30 1
31 50
31 1
32 50
32 1
33 50
33 1
34 50
34 1
35 50
35 1
36 50
36 1
37 50
37 1
38 50
38 1
39 50
39 1
40 50
40 1
41 50
41 1
42 50
42 1
43 50
43 1
44 50
44 1
45 50
45 1
46 50
46 1
47 50
47 1
48 50
48 1
49 50
49 1
50 50
50 1
49
1 2
2 3
3 4
4 5
5 6
6 7
7 8
8 9
9 10
10 11
11 12
12 13
13 14
14 15
15 16
16 17
17 18
18 19
19 20
20 21
21 22
22 23
23 24
24 25
25 26
26 27
27 28
28 29
29 30
30 31
31 32
32 33
33 34
34 35
35 36
36 37
37 38
38 39
39 40
40 41
41 42
42 43
43 44
44 45
45 46
46 47
47 48
48 49
49 50
49
2 1
3 2
4 3
5 4
6 5
7 6
8 7
9 8
10 9
11 10
12 11
13 12
14 13
15 14
16 15
17 16
18 17
19 18
20 19
21 20
22 21
23 22
24 23
25 24
26 25
27 26
28 27
29 28
30 29
31 30
32 31
33 32
34 33
35 34
36 35
37 36
38 37
39 38
40 39
41 40
42 41
43 42
44 43
45 44
46 45
47 46
48 47
49 48
50 49
1
13 3
1
7 11
49
2 1
3 2
4 3
5 4
6 5
7 6
8 7
9 8
10 9
11 10
12 11
13 12
14 13
15 14
16 15
17 16
18 17
19 18
20 19
21 20
22 21
23 22
24 23
25 24
26 25
27 26
28 27
29 28
30 29
31 30
32 31
33 32
34 33
35 34
36 35
37 36
38 37
39 38
40 39
41 40
42 41
43 42
44 43
45 44
46 45
47 46
48 47
49 48
50 49
49
2 1
3 2
4 3
5 4
6 5
7 6
8 7
9 8
10 9
11 10
12 11
13 12
14 13
15 14
16 15
17 16
18 17
19 18
20 19
21 20
22 21
23 22
24 23
25 24
26 25
27 26
28 27
29 28
30 29
31 30
32 31
33 32
34 33
35 34
36 35
37 36
38 37
39 38
40 39
41 40
42 41
43 42
44 43
45 44
46 45
47 46
48 47
49 48
50 49
-1
//you shouldn't be here!
