135
0 0 0 0 0 0 0 0 0 0 0 0 0 0 0 0
0 0 0 0 0 0 0 0 0 0 0 0 0 0 0 0
85 1512 0 0 0 0 0 0 0 0 0 0 0 0 0 0
85 1511 85 1510 85 1509 85 1508 85 1507 85 1506 85 1505 85 1504
85 1503 0 0 0 0 0 0 0 0 0 0 0 0 0 0
85 1511 85 1510 85 1509 85 1509 85 1507 85 1506 85 1505 85 1504
85 1503 85 1505 0 0 0 0 0 0 0 0 0 0 0 0
85 1511 85 1510 85 1509 85 1508 85 1507 85 1506 85 1505 85 1504
85 1362 191 1406 192 1405 0 0 0 0 0 0 0 0 0 0
0 0 0 0 0 0 0 0 0 0 0 0 0 0 0 0
0 0 0 0 0 0 0 0 0 0 0 0 0 0 0 0
85 1361 0 0 0 0 0 0 0 0 0 0 0 0 0 0
34 1563 136 1461 0 0 0 0 0 0 0 0 0 0 0 0
34 1461 136 1563 0 0 0 0 0 0 0 0 0 0 0 0
130 500 85 1490 0 0 100 600 0 0 0 0 60 800 0 0
0 0 100 200 50 350 75 400 0 0 50 250 0 0 75 1400
85 1583 0 0 0 0 0 0 0 0 0 0 0 0 0 0
84 1584 0 0 0 0 0 0 0 0 0 0 0 0 0 0
85 1595 0 0 0 0 0 0 0 0 0 0 0 0 0 0
0 0 0 0 0 0 0 0 0 0 0 0 0 0 0 0
107 1481 150 1582 84 1457 118 1542 154 1474 95 1529 167 1537 151 1465 
42 1555 166 1515 154 1575 153 1454 142 1444 16 1581 5 1574 136 1559 
148 1523 22 1581 119 1475 34 1483 11 1487 73 1514 74 1545 61 1461 
68 1469 104 1499 117 1558 109 1461 51 1523 98 1465 145 1516 142 1454 
16 1440 102 1552 38 1552 5 1526 99 1490 50 1474 161 1470 148 1497 
43 1485 64 1476 110 1476 66 1510 128 1547 139 1536 103 1442 118 1505 
42 1574 51 1473 5 1521 78 1471 70 1536 96 1449 116 1577 15 1565 
32 1580 49 1518 103 1577 22 1497 30 1522 106 1529 117 1475 104 1479 
152 1583 130 1574 134 1533 30 1582 101 1443 117 1447 47 1489 13 1545 
69 1553 68 1537 58 1469 126 1526 110 1442 98 1581 121 1476 125 1482 
69 1570 137 1560 23 1532 131 1531 40 1442 66 1507 140 1454 51 1572 
79 1572 4 1524 144 1513 129 1493 58 1506 48 1572 127 1567 103 1568 
43 1464 41 1535 157 1494 164 1501 136 1493 111 1511 149 1448 106 1543 
43 1486 128 1472 139 1524 62 1453 85 1467 63 1509 57 1579 153 1522 
40 1544 158 1506 76 1572 151 1550 58 1445 127 1513 162 1464 52 1546 
39 1574 77 1486 71 1478 108 1527 121 1444 84 1514 165 1520 36 1464 
126 1450 43 1451 82 1501 56 1524 38 1577 121 1538 89 1525 86 1541 
79 1540 2 1475 130 1448 9 1563 68 1445 99 1449 103 1575 45 1546 
85 1574 146 1456 127 1545 162 1480 114 1577 19 1529 49 1544 132 1504 
15 1553 59 1562 162 1537 40 1489 13 1558 13 1451 156 1447 119 1567 
97 1525 29 1578 75 1489 16 1569 125 1502 132 1448 64 1511 141 1554 
101 1508 23 1466 45 1577 163 1521 98 1488 35 1544 46 1577 8 1537 
102 1470 64 1489 162 1452 121 1513 50 1503 96 1525 69 1532 89 1524 
134 1557 100 1530 79 1577 153 1522 142 1450 78 1448 45 1507 81 1542 
55 1562 164 1565 154 1538 34 1542 99 1476 20 1465 77 1583 17 1470 
140 1501 118 1475 45 1496 150 1518 147 1565 19 1490 75 1583 54 1543 
52 1519 71 1541 62 1483 53 1521 111 1557 142 1580 6 1526 80 1544 
30 1475 34 1533 100 1454 63 1531 90 1567 77 1472 140 1525 94 1580 
34 1543 85 1523 104 1520 122 1490 26 1531 153 1510 154 1531 74 1450 
32 1535 67 1504 56 1540 167 1522 85 1498 137 1512 148 1531 9 1548 
86 1546 87 1485 24 1497 127 1473 138 1453 130 1519 2 1574 116 1563 
1 1577 55 1555 100 1552 126 1450 96 1574 1 1507 47 1515 100 1569 
134 1566 3 1532 111 1484 59 1526 33 1524 68 1534 87 1453 10 1541 
149 1578 10 1583 114 1501 8 1581 97 1529 70 1513 158 1500 14 1473 
80 1549 144 1447 56 1459 110 1464 35 1543 96 1548 7 1482 97 1470 
151 1545 121 1549 102 1520 82 1537 166 1485 71 1505 159 1527 145 1477 
92 1519 105 1560 132 1541 154 1568 142 1470 89 1441 73 1508 103 1455 
75 1487 68 1571 18 1507 42 1503 51 1578 115 1573 145 1443 20 1493 
144 1482 163 1525 58 1530 91 1543 154 1537 14 1493 123 1524 35 1536 
8 1490 130 1481 151 1453 35 1567 72 1478 107 1547 38 1560 83 1464 
93 1512 133 1544 12 1451 100 1442 142 1449 95 1472 31 1505 138 1464 
50 1469 39 1497 15 1510 104 1497 50 1515 38 1452 89 1487 125 1544 
111 1504 89 1575 38 1455 47 1500 146 1565 7 1513 131 1571 130 1505 
104 1461 127 1449 13 1495 22 1445 161 1488 119 1504 78 1518 4 1531 
86 1579 150 1530 47 1535 163 1500 53 1493 153 1530 71 1522 50 1569 
42 1508 3 1571 74 1543 52 1578 45 1470 9 1519 32 1455 27 1514 
48 1488 14 1531 25 1457 152 1529 148 1562 132 1481 45 1463 134 1505 
10 1569 8 1501 160 1534 103 1537 162 1548 97 1520 13 1498 103 1533 
127 1463 109 1520 125 1487 123 1468 48 1443 57 1503 113 1529 91 1449 
122 1444 100 1472 58 1493 148 1442 10 1474 93 1469 120 1558 37 1468 
43 1512 96 1475 68 1505 129 1501 108 1576 129 1491 116 1441 165 1488 
86 1574 115 1507 61 1491 146 1525 165 1448 52 1548 63 1451 86 1454 
82 1500 156 1562 119 1549 75 1444 62 1474 3 1519 56 1445 71 1488 
44 1582 22 1488 68 1472 165 1474 111 1575 161 1526 141 1521 106 1533 
120 1546 44 1486 153 1533 22 1544 122 1480 14 1497 144 1471 146 1535 
74 1444 133 1517 58 1477 0 1552 28 1446 15 1442 134 1553 106 1535 
49 1563 161 1510 128 1561 53 1570 10 1442 123 1514 159 1527 29 1574 
9 1440 83 1507 91 1497 152 1448 153 1581 149 1514 158 1490 120 1469 
114 1509 101 1564 33 1511 109 1515 139 1465 80 1498 84 1443 65 1581 
165 1515 149 1482 48 1556 84 1442 140 1541 124 1444 65 1468 81 1471 
149 1555 58 1558 108 1473 112 1513 129 1444 148 1489 150 1565 113 1579 
24 1468 60 1450 15 1471 51 1526 87 1541 15 1529 85 1496 159 1468 
48 1578 103 1581 160 1518 9 1476 168 1467 44 1479 75 1485 16 1482 
16 1468 17 1450 74 1473 76 1484 102 1557 114 1473 15 1517 123 1486 
141 1572 142 1497 161 1495 28 1494 162 1542 167 1523 162 1449 110 1552 
119 1506 96 1492 43 1490 82 1484 15 1486 78 1460 112 1443 24 1531 
138 1463 124 1538 32 1523 169 1509 73 1534 156 1566 28 1531 116 1558 
113 1558 122 1502 32 1578 15 1517 48 1575 37 1562 120 1506 150 1500 
59 1518 48 1504 30 1498 155 1531 47 1562 37 1456 7 1466 81 1492 
90 1472 95 1569 59 1522 60 1480 17 1480 125 1546 112 1523 134 1481 
26 1566 86 1514 19 1460 123 1582 35 1539 135 1441 128 1503 160 1570 
114 1481 62 1557 94 1489 129 1461 133 1482 53 1566 30 1469 16 1449 
88 1489 156 1449 114 1482 59 1495 125 1567 144 1529 73 1505 110 1448 
138 1560 115 1569 13 1520 34 1580 26 1524 92 1468 20 1497 119 1526 
141 1519 59 1509 125 1507 105 1501 0 1528 59 1471 156 1560 94 1485 
40 1557 53 1551 71 1477 118 1508 21 1582 46 1500 52 1582 109 1542 
92 1534 61 1446 154 1527 4 1450 35 1510 134 1580 131 1500 47 1498 
99 1561 105 1557 130 1530 74 1511 162 1473 149 1448 132 1476 17 1554 
165 1512 53 1476 84 1535 76 1460 108 1583 116 1481 0 1542 12 1575 
142 1483 34 1468 91 1575 42 1579 166 1539 88 1511 132 1491 156 1570 
1 1444 56 1510 85 1490 26 1444 159 1533 54 1563 58 1565 61 1548 
133 1524 77 1564 61 1490 102 1481 147 1567 105 1472 45 1444 97 1582 
63 1531 10 1477 71 1512 99 1474 94 1544 1 1469 37 1545 73 1441 
142 1498 50 1532 52 1573 107 1577 22 1578 21 1548 153 1470 33 1517 
105 1507 117 1449 30 1530 8 1542 137 1446 58 1526 48 1475 0 1453 
36 1447 110 1446 158 1448 61 1442 103 1566 45 1475 11 1578 140 1481 
68 1542 111 1530 116 1583 48 1511 55 1489 115 1469 26 1538 30 1497 
38 1522 82 1440 40 1489 35 1582 39 1522 132 1469 18 1454 149 1560 
34 1580 72 1568 92 1567 68 1471 97 1536 109 1499 151 1567 120 1485 
48 1524 131 1459 73 1578 0 1523 130 1566 159 1505 138 1508 74 1555 
57 1468 85 1475 98 1571 73 1444 21 1468 24 1560 47 1552 169 1489 
105 1444 132 1575 119 1546 119 1562 97 1451 133 1513 77 1476 166 1442 
122 1502 109 1482 139 1554 49 1455 62 1548 148 1452 8 1471 143 1581 
137 1546 4 1524 31 1482 31 1451 140 1552 23 1499 42 1476 21 1548 
13 1498 26 1566 45 1492 49 1544 90 1560 2 1566 114 1571 117 1480 
0 1454 12 1537 123 1489 35 1518 95 1541 56 1536 148 1566 68 1483 
0 1513 99 1479 105 1473 26 1526 159 1545 95 1560 8 1509 23 1564 
34 1561 125 1528 23 1543 118 1578 106 1475 126 1568 167 1481 166 1525 
151 1554 132 1501 93 1522 125 1459 167 1461 42 1488 51 1532 116 1567 
125 1522 64 1583 117 1524 35 1481 81 1505 168 1490 30 1470 157 1443 
0 789 59 167 29 1566 95 21 112 686 62 511 47 616 122 370 
131 346 147 607 19 81 78 1353 67 1543 126 1024 89 748 162 381 
156 1170 158 143 100 1462 47 1101 93 1540 161 925 45 930 6 949 
11 472 101 736 145 1181 94 1043 125 102 74 1440 8 51 73 482 
95 298 158 1643 142 1529 120 1435 8 54 11 1482 89 121 13 983 
33 748 125 97 54 1505 43 1550 37 1181 90 1043 125 427 149 548 
72 45 131 228 30 1623 135 111 112 908 140 677 131 1637 73 1378 
58 646 166 388 146 675 37 84 64 1212 168 625 134 301 78 377 
105 89 114 66 56 888 27 1088 80 1622 55 295 159 1238 140 828 
3 55 135 919 10 318 127 1331 14 107 57 2 147 1048 81 1578 
11 528 103 332 167 13 94 1503 66 1085 122 1144 70 1197 27 542 
138 230 29 731 121 183 94 1501 51 1051 57 621 142 1221 25 1295 
4 817 55 180 131 277 21 652 116 1560 113 344 50 1065 78 1176 
113 1539 21 1096 9 720 40 616 13 67 93 595 133 667 55 1440 
144 1181 145 1096 136 840 115 239 158 759 146 311 152 634 70 1281 
142 751 32 1357 136 1208 92 861 50 572 6 372 43 778 46 1116 
123 602 40 881 22 151 27 216 96 1427 128 829 168 889 16 163 
159 1321 116 484 62 1519 62 203 72 21 68 1328 168 1178 24 533 
30 1090 9 23 135 1513 30 335 59 451 141 953 11 445 83 340 
69 849 72 1083 23 1413 4 1484 4 1254 89 1255 164 780 40 1457 
137 101 67 1594 46 1142 80 1451 20 1055 60 1124 95 1119 80 1069 
129 311 48 771 76 1595 75 14 166 303 48 881 59 1343 0 1089 
95 122 65 1065 87 215 74 1013 97 1207 145 1406 108 349 54 558 
63 748 24 1156 103 649 124 242 87 137 62 1261 133 1555 93 1149 
165 1097 155 861 155 394 62 181 81 348 65 1487 68 81 162 375 
74 1608 67 510 148 1061 20 144 34 1531 33 1420 18 697 21 196 
153 674 24 71 146 978 35 19 116 589 89 782 33 842 77 1639 
40 745 38 40 164 241 2 456 115 357 41 110 66 1248 105 1560 
9 230 2 117 29 1500 93 687 66 795 148 941 8 1145 7 655 
151 801 15 684 141 1156 32 513 160 480 127 1627 24 1312 100 439 
121 604 169 39 24 1386 21 1544 147 597 9 26 163 1645 141 503 
145 1063 119 992 19 39 58 1004 9 1211 81 1363 16 185 38 818 
1 1644 138 1215 3 299 14 447 39 995 37 1046 151 630 16 751 
157 987 10 197 70 1288 95 1570 30 974 162 5 159 1420 104 209 
152 1007 126 731 88 1456 161 372 117 93 7 961 2 1597 127 1471 
37 694 33 819 93 666 141 240 136 1570 127 1178 55 176 42 1595 
155 323 51 620 54 31 113 783 45 76 79 826 121 1304 103 1231 
162 119 110 385 8 1394 47 273 43 493 73 554 63 1438 131 786 
120 1395 51 530 7 74 138 696 142 479 120 1219 98 66 65 1110 
158 1167 82 769 69 666 118 4 77 730 147 757 25 845 123 1068 
40 60 55 189 134 201 63 1182 19 1606 129 186 114 88 160 933 
134 588 8 1457 13 881 43 1336 151 254 31 123 118 901 133 562 
9 856 123 1557 148 1274 164 1563 22 1570 151 616 41 1212 7 428 
126 1120 120 962 78 1367 49 302 27 171 132 1227 42 686 50 1204 
93 806 106 1001 7 736 22 253 47 450 65 157 132 453 101 779 
60 347 101 1436 32 1341 132 414 117 1648 98 703 130 1529 167 114 
76 1263 73 1491 93 280 93 541 44 1102 52 1401 121 739 112 10 
87 779 63 1343 57 610 143 16 123 598 49 477 156 29 125 1187 
10 1385 137 649 10 787 91 1498 151 175 41 291 119 975 159 912 
160 482 81 530 35 526 128 916 62 1275 20 1150 15 602 14 545 
133 1351 121 444 168 1122 138 1046 135 1604 51 77 142 200 133 510 
165 791 21 726 9 1378 118 457 92 777 13 1289 103 329 161 378 
18 446 18 1163 118 989 87 567 161 1213 105 669 119 758 119 596 
83 251 134 75 14 1333 167 1105 3 880 116 144 48 1145 154 71 
57 984 169 112 41 682 110 1598 113 459 59 1604 55 1570 58 506 
168 1029 39 1313 40 1511 14 506 26 1415 123 249 62 258 160 216 
65 1428 66 489 29 1091 23 1563 100 1213 156 1442 161 1443 2 1632 
92 1093 165 1584 152 560 148 1077 149 22 3 1510 15 85 115 1452 
41 906 140 607 123 1335 51 294 76 1147 91 1430 130 1081 110 1006 
51 484 55 616 112 681 18 169 122 325 68 1445 22 1625 22 61 
167 1323 63 1010 145 423 18 839 95 957 29 82 162 1429 102 675 
3 608 18 824 142 401 163 1456 5 93 41 262 22 798 166 297 
89 982 21 1266 123 1618 155 21 141 100 141 1204 22 710 105 232 
46 684 157 233 34 745 169 1288 88 821 158 1459 119 741 91 49 
104 611 115 1623 79 1448 125 841 126 1055 49 53 22 700 101 125 
38 237 68 259 124 1320 113 682 78 1357 62 578 154 1165 88 317 
55 299 74 1248 155 945 125 1132 107 799 14 741 0 704 11 1554 
65 621 30 1238 148 670 58 558 164 717 126 1069 89 1070 7 1548 
58 901 92 1398 20 782 38 883 24 634 6 1435 42 968 124 1606 
99 539 30 1578 4 891 131 332 42 238 1 786 6 296 149 432 
28 25 73 1545 14 814 112 1545 90 626 0 633 58 1031 113 1187 
1 1471 15 966 11 656 21 172 101 367 110 522 67 1284 74 1383 
151 1015 138 1241 90 537 152 453 150 1607 142 469 36 562 63 295 
111 1298 108 371 51 532 33 501 107 1265 71 1396 2 1393 89 1042 
117 1256 155 966 153 288 159 1014 18 455 31 1048 84 1235 124 139 
149 1275 136 489 6 1327 160 136 96 899 143 242 43 1536 61 1521 
56 1259 39 223 97 42 116 517 122 140 36 1498 50 241 131 423 
17 114 18 936 0 1130 37 1461 76 1565 122 1442 163 855 7 1420 
70 545 93 501 154 1568 117 66 50 1334 102 923 114 684 73 650 
145 856 142 1408 71 1228 89 636 27 1007 21 477 112 1449 14 1498 
63 1409 26 1256 78 704 70 565 4 155 96 762 111 589 91 478 
81 1388 93 520 161 1493 130 1653 29 346 70 731 147 931 24 661 
81 1595 107 968 3 404 33 1413 113 1421 16 73 37 227 12 417 
157 262 97 529 166 30 81 375 135 165 118 1300 7 1175 2 1275 
17 815 53 1405 10 547 90 1212 10 427 117 950 96 1062 69 76 
164 1415 90 108 59 502 147 43 69 1361 106 1607 146 1332 68 293 
113 958 99 998 132 1606 54 1320 153 462 149 146 58 535 141 623 
78 1269 133 1462 60 189 131 489 168 1332 62 702 78 1042 27 387 
78 1263 13 1221 15 980 103 642 77 261 124 661 115 589 43 666 
103 1283 1 1562 44 1580 74 1345 147 856 145 1271 32 289 7 1420 
103 1034 120 456 18 925 56 841 140 280 9 1558 23 1152 2 1324 
117 966 104 311 93 425 43 387 114 69 95 1363 101 1202 159 450 
8 1048 71 128 155 1330 13 1127 162 88 37 223 130 633 140 206 
98 248 94 1604 110 999 45 863 153 225 37 1362 121 1533 24 1307 
13 384 71 1637 8 913 60 507 21 619 142 990 11 1095 94 392 
166 1480 138 682 35 1539 112 1204 62 638 17 923 87 1280 146 1000 
10 298 161 686 129 45 4 148 75 867 10 1196 126 122 81 146 
73 1407 150 441 98 1479 3 347 39 1036 124 1088 159 333 156 353 
37 1055 2 1341 2 1587 152 67 63 1296 138 1217 37 1211 128 1196 
53 851 91 1041 100 1546 56 1644 125 1209 29 1463 23 123 54 341 
46 1542 126 1536 129 1573 103 1464 74 1513 150 1500 141 1472 85 1542 
154 1494 136 1506 84 1444 94 1447 133 1575 120 1449 128 1523 24 1582 
87 1543 126 1552 62 1538 47 1490 15 1478 56 1447 144 1580 145 1471 
98 1480 133 1491 139 1454 144 1523 71 1557 42 1582 106 1532 52 1538 
25 1514 112 1573 121 1546 54 1555 152 1559 132 1576 139 1444 118 1440 
135 1535 102 1469 149 1527 38 1578 144 1548 139 1502 128 1510 108 1570 
140 1448 76 1446 139 1510 20 1569 155 1541 101 1512 118 1554 43 1473 
146 1493 86 1560 72 1495 86 1506 24 1443 36 1472 138 1545 121 1446 
24 1544 57 1517 90 1533 112 1525 50 1495 80 1567 137 1581 105 1546 
153 1554 155 1532 30 1447 24 1524 119 1474 29 1517 16 1454 146 1542 
37 1555 128 1504 16 1447 35 1559 83 1541 32 1541 29 1565 88 1539 
102 1484 29 1489 61 1470 117 1480 37 1441 77 1470 139 1516 64 1561 
43 1456 104 1480 35 1485 132 1519 40 1576 43 1537 56 1451 111 1507 
96 1581 101 1534 143 1476 53 1461 106 1481 141 1576 81 1451 27 1465 
34 1479 154 1469 109 1446 76 1492 40 1559 105 1581 131 1470 71 1507 
143 1581 107 1549 26 1538 143 1461 142 1521 52 1558 140 1444 106 1468 
18 1488 109 1479 132 1466 98 1568 138 1578 99 1583 87 1534 55 1451 
122 1570 118 1508 24 1551 27 1502 41 1521 27 1519 50 1486 117 1547 
132 1492 26 1549 66 1474 47 1545 24 1497 81 1568 26 1572 136 1475 
43 1462 47 1468 112 1491 115 1545 116 1538 153 1482 93 1457 85 1582 
14 1546 73 1480 94 1573 27 1448 121 1453 26 1463 70 1463 146 1443 
73 1536 141 1532 26 1511 93 1470 37 1515 23 1488 131 1526 82 1548 
153 1562 113 1553 32 1531 141 1461 85 1581 71 1534 34 1551 28 1443 
60 1545 57 1502 78 1506 33 1461 118 1541 45 1513 94 1556 19 1487 
126 1501 123 1565 112 1500 110 1479 132 1490 31 1499 37 1493 14 1546 
28 1528 75 1496 20 1516 72 1557 29 1542 130 1469 133 1555 81 1533 
36 1546 14 1527 150 1441 53 1480 62 1507 139 1480 41 1520 97 1489 
33 1493 26 1539 84 1501 121 1464 148 1448 143 1476 16 1500 116 1519 
114 1561 67 1478 106 1489 139 1518 155 1576 98 1515 69 1480 13 1536 
35 1464 62 1463 150 1470 125 1508 146 1458 27 1541 38 1462 131 1533 
34 1475 17 1441 132 1573 39 1506 148 1561 29 1516 81 1445 73 1487 
75 1514 144 1468 98 1510 156 1474 14 1453 111 1577 113 1449 102 1566 
155 1583 97 1457 44 1523 34 1516 79 1551 100 1541 117 1456 62 1461 
31 1554 152 1546 80 1534 61 1514 18 1488 146 1528 24 1517 38 1484 
149 1573 74 1486 139 1541 83 1476 117 1521 94 1581 41 1568 99 1580 
104 1560 13 1464 57 1452 25 1475 69 1555 141 1546 35 1451 91 1453 
151 1485 85 1456 71 1491 83 1537 15 1527 148 1483 37 1502 65 1482 
79 1573 136 1519 35 1466 119 1526 127 1471 103 1527 139 1546 108 1562 
59 1504 58 1551 73 1556 26 1580 147 1466 77 1560 113 1441 128 1496 
74 1552 48 1495 87 1520 128 1468 120 1514 121 1543 38 1507 50 1563 
136 1573 80 1570 90 1440 127 1485 59 1569 114 1580 149 1441 39 1486 
99 1505 62 1496 94 1572 108 1467 56 1583 27 1505 61 1532 68 1560 
54 1557 128 1555 112 1455 123 1484 29 1572 42 1455 90 1510 79 1459 
128 1441 74 1450 126 1552 146 1484 151 1459 100 1502 120 1519 91 1448 
94 1463 33 1464 85 1482 101 1489 115 1564 110 1464 86 1481 31 1569 
91 1495 139 1540 49 1468 42 1494 141 1520 45 1542 128 1508 15 1493 
118 1555 76 1513 80 1447 70 1524 84 1440 85 1520 18 1553 47 1550 
91 1499 138 1504 142 1582 61 1539 131 1517 29 1505 123 1505 23 1477 
39 1457 56 1520 104 1441 69 1500 55 1496 89 1504 39 1446 41 1555 
120 1510 142 1540 61 1456 99 1529 15 1442 77 1542 147 1536 107 1457 
