200
5
00000000000
9
111111111111111
1
0101010010101
1
0
1
1
2
00
2
01
1
10
1
11
3
101
2
001
1
111
1
0000
2
1100
3
0101
4
1010
5
11111
4
11111
3
11111
2
11111
1
11111
25
0000000000000000000000000
24
0000000000000000000000000
23
0000000000000000000000000
22
0000000000000000000000000
21
0000000000000000000000000
20
0000000000000000000000000
19
0000000000000000000000000
18
0000000000000000000000000
17
0000000000000000000000000
16
0000000000000000000000000
15
0000000000000000000000000
14
0000000000000000000000000
13
0000000000000000000000000
12
0000000000000000000000000
11
0000000000000000000000000
10
0000000000000000000000000
9
0000000000000000000000000
8
0000000000000000000000000
7
0000000000000000000000000
6
0000000000000000000000000
5
0000000000000000000000000
4
0000000000000000000000000
3
0000000000000000000000000
2
0000000000000000000000000
1
0000000000000000000000000
1
1111111111111111111111111
2
1111111111111111111111111
3
1111111111111111111111111
4
1111111111111111111111111
5
1111111111111111111111111
6
1111111111111111111111111
7
1111111111111111111111111
8
1111111111111111111111111
9
1111111111111111111111111
10
1111111111111111111111111
11
1111111111111111111111111
12
1111111111111111111111111
13
1111111111111111111111111
14
1111111111111111111111111
15
1111111111111111111111111
16
1111111111111111111111111
17
1111111111111111111111111
18
1111111111111111111111111
19
1111111111111111111111111
20
1111111111111111111111111
21
1111111111111111111111111
22
1111111111111111111111111
23
1111111111111111111111111
24
1111111111111111111111111
25
1111111111111111111111111
11
11111011000
9
000011100
3
010
20
11011011101100000111
18
101111000101000101
13
0100010101110
11
10010000110
5
10101
8
01011001
23
11010111111011110010011
15
101011000000100
23
01111100111000011001000
6
011011
11
11110100111
21
100111111011011100010
19
1111101100100000110
19
0000110001101100011
7
1011001
21
100111110100110001001
16
1000001111000111
16
0111001001111000
21
000011011000110100101
9
011011101
18
011100111010010101
11
10001001000
17
11101011010001011
16
0111101111111110
17
00100100010100001
8
00000100
23
11000101000100011101101
4
1000
15
101011011000001
3
110
22
1010010101110110101101
17
11011100011010010
20
10011000000101110010
2
11
10
1011101000
2
01
24
110111101111001000101111
2
10
11
00101001000
1
0
23
01010100011011000110100
20
10101110001101010010
21
010000011110100101111
15
000110010111000
17
00101101010101111
15
000101100111011
17
00110100110010001
14
01101100101111
17
00110100010111011
17
11001110100001001
2
00
20
10100011011001010111
17
00111001111011100
16
0011010010011101
14
00111000110101
8
01000111
1
1
24
000010001111010111101110
1
1
24
111110010001010011110010
21
110011111100001001111
16
1100011000000011
3
110
17
11100110011010011
12
101111110111
15
100111110100111
12
011111010001
12
001111101010
2
11
2
01
14
10111111110100
23
01100101001010001001111
10
1111000010
10
0010001100
9
111101111
1
1
11
11001000100
14
11110010101111
23
00011000100001010010100
22
0010001000110101001111
21
110111010100010010010
24
000010110011110101110100
12
110101001010
4
0110
23
10111001000000111001001
8
11011001
10
0101100100
19
1000101001011001111
7
1100111
24
001000011110001101111000
23
01010111010011000010011
6
001101
5
10001
6
101101
2
10
19
1100101100111000111
15
110111101100100
1
0
17
11010110110110100
24
001100001100111011001000
16
1101011100001010
17
00100100111111101
12
001101111100
24
010111111011111101000001
23
00100111001100100010111
9
100001111
15
110101110011101
23
10111001010000110001100
4
0011
21
011101001111110011001
6
100000
23
10110100011100111000110
25
0000110111101101101111001
2
00
21
010011110101101111000
14
01011001110011
18
000011111001000000
22
0011110000010000000000
22
1001100011011011011111
11
00000010100
19
1100100010011100011
8
10110111
14
01000110111100
16
1110010110101111
16
1001001011111100
18
110110111110101011
