800
0.00
0.25
0.50
0.75
1.00
1.25
1.50
1.75
2.00
2.25
2.50
2.75
3.00
3.25
3.50
3.75
4.00
4.25
4.50
4.75
5.00
5.25
5.50
5.75
6.00
6.25
6.50
6.75
7.00
7.25
7.50
7.75
8.00
8.25
8.50
8.75
9.00
9.25
9.50
9.75
10.00
10.25
10.50
10.75
11.00
11.25
11.50
11.75
12.00
12.25
12.50
12.75
13.00
13.25
13.50
13.75
14.00
14.25
14.50
14.75
15.00
15.25
15.50
15.75
16.00
16.25
16.50
16.75
17.00
17.25
17.50
17.75
18.00
18.25
18.50
18.75
19.00
19.25
19.50
19.75
20.00
20.25
20.50
20.75
21.00
21.25
21.50
21.75
22.00
22.25
22.50
22.75
23.00
23.25
23.50
23.75
24.00
24.25
24.50
24.75
25.00
25.25
25.50
25.75
26.00
26.25
26.50
26.75
27.00
27.25
27.50
27.75
28.00
28.25
28.50
28.75
29.00
29.25
29.50
29.75
30.00
30.25
30.50
30.75
31.00
31.25
31.50
31.75
32.00
32.25
32.50
32.75
33.00
33.25
33.50
33.75
34.00
34.25
34.50
34.75
35.00
35.25
35.50
35.75
36.00
36.25
36.50
36.75
37.00
37.25
37.50
37.75
38.00
38.25
38.50
38.75
39.00
39.25
39.50
39.75
40.00
40.25
40.50
40.75
41.00
41.25
41.50
41.75
42.00
42.25
42.50
42.75
43.00
43.25
43.50
43.75
44.00
44.25
44.50
44.75
45.00
45.25
45.50
45.75
46.00
46.25
46.50
46.75
47.00
47.25
47.50
47.75
48.00
48.25
48.50
48.75
49.00
49.25
49.50
49.75
50.00
50.25
50.50
50.75
51.00
51.25
51.50
51.75
52.00
52.25
52.50
52.75
53.00
53.25
53.50
53.75
54.00
54.25
54.50
54.75
55.00
55.25
55.50
55.75
56.00
56.25
56.50
56.75
57.00
57.25
57.50
57.75
58.00
58.25
58.50
58.75
59.00
59.25
59.50
59.75
60.00
60.25
60.50
60.75
61.00
61.25
61.50
61.75
62.00
62.25
62.50
62.75
63.00
63.25
63.50
63.75
64.00
64.25
64.50
64.75
65.00
65.25
65.50
65.75
66.00
66.25
66.50
66.75
67.00
67.25
67.50
67.75
68.00
68.25
68.50
68.75
69.00
69.25
69.50
69.75
70.00
70.25
70.50
70.75
71.00
71.25
71.50
71.75
72.00
72.25
72.50
72.75
73.00
73.25
73.50
73.75
74.00
74.25
74.50
74.75
75.00
75.25
75.50
75.75
76.00
76.25
76.50
76.75
77.00
77.25
77.50
77.75
78.00
78.25
78.50
78.75
79.00
79.25
79.50
79.75
80.00
80.25
80.50
80.75
81.00
81.25
81.50
81.75
82.00
82.25
82.50
82.75
83.00
83.25
83.50
83.75
84.00
84.25
84.50
84.75
85.00
85.25
85.50
85.75
86.00
86.25
86.50
86.75
87.00
87.25
87.50
87.75
88.00
88.25
88.50
88.75
89.00
89.25
89.50
89.75
90.00
90.25
90.50
90.75
91.00
91.25
91.50
91.75
92.00
92.25
92.50
92.75
93.00
93.25
93.50
93.75
94.00
94.25
94.50
94.75
95.00
95.25
95.50
95.75
96.00
96.25
96.50
96.75
97.00
97.25
97.50
97.75
98.00
98.25
98.50
98.75
99.00
99.25
99.50
99.75
252.25
500.00
751.00
1002.25
1250.75
1502.25
1751.50
2000.00
2251.25
2500.50
2752.25
3000.50
3250.75
3501.75
3750.50
4000.50
4250.75
4500.25
4751.75
5001.75
5252.00
5502.25
5751.25
6001.75
6251.00
6501.00
6750.50
7001.50
7250.00
7501.00
7750.50
8000.00
8251.25
8501.50
8752.25
9002.25
9251.50
9501.50
9752.25
10000.25
10252.00
10502.00
10750.75
11000.25
11251.50
11501.50
11751.00
12000.00
12251.75
12500.25
12751.75
13001.25
13250.00
13500.50
13750.75
14001.25
14251.75
14501.50
14750.25
15002.00
15250.25
15500.75
15752.00
16001.50
16250.00
16502.00
16751.50
17001.50
17251.00
17501.25
17752.00
18000.50
18251.00
18500.25
18751.00
19000.00
19252.00
19502.00
19750.25
20001.25
20250.00
20502.00
20750.25
21000.00
21250.25
21501.00
21751.50
22002.25
22250.00
22501.75
22751.75
23000.50
23250.25
23501.25
23752.25
24000.25
24251.00
24501.25
24752.00
25002.00
25250.00
25501.75
25750.00
26001.00
26252.00
26501.00
26751.25
27001.50
27250.75
27501.75
27750.50
28000.75
28251.25
28501.00
28751.00
29001.75
29252.00
29500.00
29751.50
30002.25
30252.00
30500.75
30750.50
31002.25
31252.25
31500.25
31750.25
32000.75
32251.50
32500.00
32750.50
33001.75
33251.75
33500.50
33750.25
34001.25
34251.75
34501.75
34750.50
35000.00
35251.00
35501.25
35751.00
36000.00
36252.25
36502.00
36752.00
37002.00
37252.25
37501.00
37752.00
38001.75
38252.00
38500.00
38751.75
39002.00
39250.25
39502.00
39750.50
40001.75
40252.00
40501.00
40751.00
41001.25
41251.75
41501.50
41750.25
42001.00
42251.00
42501.00
42751.00
43002.25
43250.00
43502.00
43752.25
44002.25
44251.75
44501.75
44752.00
45001.50
45250.50
45501.50
45751.00
46000.25
46251.75
46500.25
46752.25
47002.00
47252.25
47500.25
47751.50
48002.00
48251.50
48500.25
48751.00
49000.75
49251.75
49501.50
49751.75
50000.50
50250.00
50500.50
50750.25
51000.00
51250.25
51500.25
51750.00
52002.00
52252.00
52502.25
52751.25
53000.25
53251.25
53502.25
53750.50
54000.50
54250.25
54500.25
54750.25
55000.25
55250.75
55501.75
55752.25
56002.25
56252.00
56501.00
56750.50
57001.50
57250.00
57500.00
57752.00
58000.00
58250.50
58500.00
58750.25
59000.75
59250.25
59500.50
59750.50
60000.00
60250.25
60502.00
60750.25
61001.75
61251.75
61500.75
61752.25
62002.25
62251.25
62500.25
62750.00
63002.00
63252.00
63500.00
63752.00
64001.75
64251.00
64500.00
64751.00
65001.00
65250.00
65500.50
65751.25
66000.75
66250.50
66501.75
66751.50
67001.00
67252.25
67502.25
67751.00
68000.25
68251.75
68501.25
68752.00
69001.25
69252.25
69502.00
69751.00
70001.00
70252.25
70501.00
70750.75
71002.00
71251.25
71500.25
71751.25
72002.25
72250.25
72502.25
72751.00
73000.50
73250.50
73502.25
73751.25
74001.25
74251.50
74500.50
74752.25
75001.50
75250.25
75500.75
75751.75
76002.00
76252.25
76501.25
76621.75
76751.00
77002.00
77251.00
77502.00
77750.75
78000.75
78250.75
78501.50
78750.25
79002.00
79251.75
79501.75
79751.75
80002.25
80251.75
80500.25
80750.50
81002.25
81250.25
81501.75
81751.25
82002.00
82250.00
82501.25
82751.25
83000.25
83252.25
83500.50
83750.00
84002.00
84252.00
84501.00
84751.75
85000.50
85250.50
85500.00
85751.50
86001.50
86251.75
86502.00
86751.00
87001.00
87251.25
87500.50
87751.00
88000.75
88251.00
88501.50
88750.75
89001.50
89251.00
89502.00
89751.00
90001.00
90250.75
90502.25
90751.25
91000.50
91250.50
91501.50
91750.25
92000.00
92250.00
92502.00
92750.75
93000.75
93252.25
93502.25
93750.00
94001.50
94251.75
94501.00
94750.25
95000.75
95251.75
95501.25
95751.50
96000.25
96250.25
96502.25
96751.75
97001.50
97252.00
97500.50
97750.00
98000.25
98250.50
98501.50
98751.00
99001.00
99250.50
99501.25
99751.25

